average=0.1970643599925097
std_dev=0.010869284252479846
