average=0.3328004199953284
std_dev=0.010255108292786225
