average=0.13287852999637834
std_dev=0.0018596660271426092
