average=0.180602610000642
std_dev=0.004776293290308965
