average=0.14810565000516362
std_dev=0.004015876886132422
