average=0.19613207999500445
std_dev=0.004816576140625545
