average=0.1893178599944804
std_dev=0.009336794025233209
