average=0.134673880005721
std_dev=0.00268378822441856
