average=0.00070502
std_dev=2.4104680043510207e-05
