average=0.0016001599999999998
std_dev=1.056477164921231e-05
