average=0.2187273799907416
std_dev=0.01867686912872838
