average=0.008799999999999999
std_dev=0.002315167380558045
