average=0.22237144000828266
std_dev=0.02207329033540013
