average=0.23859534998773596
std_dev=0.048029868115114296
