average=0.13405780000030063
std_dev=0.0019797001684155923
