average=0.15042411000467837
std_dev=0.004159975237796105
