average=0.14641955000697635
std_dev=0.002618639388290288
