average=0.2034086999949068
std_dev=0.013504339655573358
