average=0.5979403200093657
std_dev=0.12716136014110613
