average=0.20099604998831638
std_dev=0.01130212444094702
