average=0.9595097599900327
std_dev=0.5281076519121051
