average=0.0008129299999999999
std_dev=7.469009305122073e-06
