average=3.2399999999999998
std_dev=4.928235992725998
