average=0.21014365000883117
std_dev=0.009903217636473427
