average=0.0005708099999999999
std_dev=9.244181954072528e-06
