average=0.0047976600000000005
std_dev=0.00035575314812380776
