average=0.0009107000000000001
std_dev=5.497079224460932e-05
