average=0.20417690000031144
std_dev=0.013238286554774624
