average=0.19308163000969217
std_dev=0.007973480596141638
