average=0.21903422000468709
std_dev=0.013186033849033522
