average=0.00079472
std_dev=9.445544769890197e-05
