average=0.19134797000442633
std_dev=0.005456924852630736
