average=0.18799058999866247
std_dev=0.01451299405694605
