average=0.2103257099923212
std_dev=0.009443250922407422
