average=0.00241764
std_dev=5.617982200043005e-05
