average=0.006900000000000001
std_dev=0.0009433981132056605
