average=0.2609953999926802
std_dev=0.01663901728236893
