average=0.00057192
std_dev=7.320895846820934e-05
