average=0.014199999999999999
std_dev=0.008657944328765346
