average=0.00085731
std_dev=7.947103182921438e-05
