average=0.1865161599998828
std_dev=0.013976662018351382
