average=0.22400723000173456
std_dev=0.03984024704414685
