average=0.00115339
std_dev=0.00011187366490823474
