average=0.1471777399943676
std_dev=0.002969881207737187
