average=0.20621393999899737
std_dev=0.012008371849568067
