average=0.189226139994571
std_dev=0.017062366224573515
