average=0.19593626999412664
std_dev=0.011652879523963709
