average=0.2101437299977988
std_dev=0.012975474957463191
