average=0.13988705999800005
std_dev=0.0057389986001259085
