average=0.00057283
std_dev=6.41162233759912e-05
