average=0.2165400199999567
std_dev=0.003955935165836075
