average=0.18739177999086679
std_dev=0.014055496008004237
