average=0.1327553499955684
std_dev=0.0019352145263862562
