average=0.20292078001075425
std_dev=0.010300261446341047
