average=0.00012811
std_dev=7.475961476626282e-07
