average=0.13687080999952742
std_dev=0.005978144711554392
