average=0.0050390700000000005
std_dev=0.00011560694659059216
