average=0.20738859000848606
std_dev=0.0075354068607601825
