average=0.13332810999127104
std_dev=0.0013724912427349285
