average=0.23195006999303586
std_dev=0.0041496104585093795
