average=0.2030997199995909
std_dev=0.012147964563175774
