average=0.00055055
std_dev=2.688215021161806e-06
