average=0.00025111
std_dev=1.2098053562453753e-05
