average=0.25194499000208453
std_dev=0.031217416321236965
