average=0.1961913899926003
std_dev=0.01752586748178263
