average=2.5023494399909394
std_dev=1.9944798127053898
