average=0.18688100000144914
std_dev=0.010007824510553579
