average=0.00207279
std_dev=0.00013892668894060638
