average=0.2111680099973455
std_dev=0.02041208098321235
