average=6.9599999999999994e-06
std_dev=1.1146299834474216e-06
