average=0.1488097700115759
std_dev=0.0027174401790074337
