average=0.21253025999758393
std_dev=0.019414755344202884
