average=0.00122329
std_dev=0.00010537128119179343
