average=0.0001748
std_dev=2.1709122506448757e-05
