average=0.19667627001181245
std_dev=0.022041366513842347
