average=0.1456177400192246
std_dev=0.003605005203710489
