average=0.2103006000048481
std_dev=0.008949901852253686
