average=0.28442119001410904
std_dev=0.030701154031869054
