average=0.0070999999999999995
std_dev=0.0019209372712298545
