average=0.18913288999465294
std_dev=0.006588880854955818
