average=0.19701514999615027
std_dev=0.014689781658217707
