average=0.20889053998980672
std_dev=0.016195828277679725
