average=0.1831568099965807
std_dev=0.012544322447209164
