average=0.21327166000264697
std_dev=0.007207048840234351
