average=0.00011876000000000001
std_dev=2.501279672487662e-06
