average=0.19913939000107347
std_dev=0.010997580687534553
