average=0.14961208000313492
std_dev=0.0032142829537186402
