average=0.13478495999006554
std_dev=0.0024024582111817944
