average=0.13598300999728963
std_dev=0.0026591098598811157
