average=0.20516858000773935
std_dev=0.007247406701663776
