average=0.15193079001037404
std_dev=0.00627844775471629
