average=0.00109097
std_dev=1.4600140410283722e-05
