average=0.0002864
std_dev=2.7272696969680078e-06
