average=0.2318334000010509
std_dev=0.009605656491333582
