average=0.13348454001243226
std_dev=0.0030126042744868754
