average=0.3296602799964603
std_dev=0.04561003897088367
