average=1.4790000000000002e-05
std_dev=1.9320714272510736e-06
