average=0.1474620799883269
std_dev=0.0036332690927794497
