average=0.0001675
std_dev=4.74615633960787e-06
