average=0.22339303999324328
std_dev=0.006468280890728168
