average=0.2696635300118942
std_dev=0.03135174539219211
