average=0.18469076001201756
std_dev=0.010668337757946915
