average=0.18744040001765824
std_dev=0.010573224357525318
