average=0.25358010999625546
std_dev=0.037256138184132696
