average=0.15200054000597446
std_dev=0.009288869910147907
