average=0.00074721
std_dev=4.432707975944269e-06
