average=0.18990405999938959
std_dev=0.018498018965716387
