average=0.14828760001109914
std_dev=0.0025083477510192908
