average=0.2071941300004255
std_dev=0.028130663731442268
