average=0.0075304
std_dev=0.00010974668104320966
