average=0.1488042899989523
std_dev=0.00433650225315428
