average=0.00121818
std_dev=8.854580735415977e-06
