average=0.00141838
std_dev=2.41475795888532e-05
