average=0.20753259999328294
std_dev=0.014523788803995371
