average=0.0014810399999999999
std_dev=2.506707801080928e-05
