average=0.20006273998878896
std_dev=0.010104494825622052
