average=0.23087844999390655
std_dev=0.02149700826476863
