average=0.13483612000127324
std_dev=0.002312918280871722
