average=0.270169159991201
std_dev=0.06400215477479355
