average=0.13329194001271388
std_dev=0.002321774174234001
