average=0.15202490998781287
std_dev=0.005315312916261042
