average=0.14181365999393164
std_dev=0.008850699321203317
