average=0.13379569998942314
std_dev=0.0016590881053383066
