average=0.1975527499918826
std_dev=0.015939507205560775
