average=0.13334062000503763
std_dev=0.0025535014820771487
