average=0.1521018300030846
std_dev=0.007031984341419706
