average=0.1336599199916236
std_dev=0.0024080703985444054
