average=0.22685620000702328
std_dev=0.015347614526344252
