average=0.00026833
std_dev=5.549423393470718e-06
