average=0.22461728999624028
std_dev=0.017115076389461907
