average=0.19236378000350668
std_dev=0.017958680105527598
