average=0.18498898000107147
std_dev=0.009543165368492434
