average=0.20871594000491314
std_dev=0.017004792802978428
