average=0.016800000000000002
std_dev=0.008681013765684283
