average=0.18503023000084795
std_dev=0.013226638386366077
