average=0.14674782000365666
std_dev=0.0039501051152937
