average=0.14845257002161816
std_dev=0.004566335951491173
