average=0.13275219998904503
std_dev=0.0020889637689115725
