average=0.2061316899897065
std_dev=0.009829095007410759
