average=0.13312314000213518
std_dev=0.0020520819652129103
