average=0.2368746900057886
std_dev=0.04070291109517871
