average=0.20272289999993517
std_dev=0.020392991630767632
