average=1.3440000000000002e-05
std_dev=2.1540659228538022e-07
