average=0.15544888999429532
std_dev=0.018595914942099962
