average=0.00042377000000000007
std_dev=8.768814058924968e-06
