average=0.19217761998879723
std_dev=0.008737833745232838
