average=0.13452533000381664
std_dev=0.0023109072077340236
