average=0.2247170099930372
std_dev=0.022768966936361427
