average=0.26605391000630335
std_dev=0.014348307331120974
