average=0.00166234
std_dev=5.864657193732637e-05
