average=0.1338591599895153
std_dev=0.0021896908588045303
