average=0.23112319998908787
std_dev=0.006398122153601748
