average=0.1331007900182158
std_dev=0.001453137282795447
