average=0.00013776
std_dev=1.7136930880411464e-05
