average=0.0012471
std_dev=8.128345465099287e-06
