average=0.00026647
std_dev=1.0668176976409827e-06
