average=0.22007472999976016
std_dev=0.030662814116699116
