average=0.2285727700102143
std_dev=0.01018286691270831
