average=0.21964795000385492
std_dev=0.010961652682951814
