average=0.13342160999891348
std_dev=0.0013322743553961418
