average=0.19378159000189044
std_dev=0.013121505089397923
