average=0.20325189000577665
std_dev=0.010801581751807681
