average=0.13577316000591963
std_dev=0.004304317939578009
