average=0.0014940399999999999
std_dev=1.7368431132373478e-05
