average=0.20160700001288206
std_dev=0.00832395971824974
