average=0.0005580100000000001
std_dev=7.674301271125598e-06
