average=0.13378440000815317
std_dev=0.0023742117259340574
