average=0.00462862
std_dev=4.1693855662435514e-05
