average=0.13766606000135653
std_dev=0.003344775478206205
