average=3.0300000000000002e-06
std_dev=3.634556369077249e-07
