average=0.00121852
std_dev=0.00011746000851353619
