average=0.2940188200038392
std_dev=0.061436190593209226
