average=0.21220683000865392
std_dev=0.008940469234285668
