average=0.2395004699821584
std_dev=0.011261246743287068
