average=0.13430261999019422
std_dev=0.0033441753647435644
