average=0.14640406000544318
std_dev=0.004698625353717546
