average=0.14686658998252825
std_dev=0.003846300429799541
