average=0.13606507999938913
std_dev=0.0028950561399937115
