average=0.22240163999958895
std_dev=0.02026927090257555
