average=0.2379165399936028
std_dev=0.020227892166549275
