average=0.14897029999410732
std_dev=0.005064141281731623
