average=0.2238698699977249
std_dev=0.02417248985892983
