average=0.1493408599984832
std_dev=0.005143048875901366
