average=0.007299999999999999
std_dev=0.002968164415931166
