average=0.13275212000589817
std_dev=0.002440767561941527
