average=0.13286196000408382
std_dev=0.002627056073851491
