average=0.20639892000472174
std_dev=0.01745890130172826
