average=0.2065738200210035
std_dev=0.010024913265130274
