average=0.1523347800190095
std_dev=0.009937398052079712
