average=0.14848555999342353
std_dev=0.003075096091034304
