average=0.19524988000048324
std_dev=0.017674584431443593
