average=0.00030291
std_dev=2.616170674860491e-05
