average=0.1333253500110004
std_dev=0.0019154886989757865
