average=0.22299802000634372
std_dev=0.021108860479150657
