average=0.151853779994417
std_dev=0.005615550935972255
