average=0.1882794999924954
std_dev=0.010827374625768976
