average=0.00029938
std_dev=7.965776798279005e-06
