average=0.14816817000391894
std_dev=0.006336237247249131
