average=0.00095532
std_dev=1.8974920289687628e-05
