average=0.148472670011688
std_dev=0.0019390664623680004
