average=0.1332788199884817
std_dev=0.0026295223018923
