average=0.00041799999999999997
std_dev=3.139426699255763e-06
