average=0.14802517998614348
std_dev=0.003443052604785723
