average=0.217909619997954
std_dev=0.026065080076860567
