average=0.00016337
std_dev=2.27334555226433e-06
