average=0.1896362100087572
std_dev=0.016822375022918508
