average=0.00063243
std_dev=7.2328486780797534e-06
