average=0.0005896499999999999
std_dev=8.886479899262698e-05
