average=0.2280663400015328
std_dev=0.01876091175905311
