average=0.00116139
std_dev=0.00011298213531350874
