average=0.20483946999302133
std_dev=0.010066539713945269
