average=0.19317783999722452
std_dev=0.005497863374992655
