average=0.14687631000997498
std_dev=0.0030749278689989625
