average=0.2239994400064461
std_dev=0.011993320879902063
