average=0.15052068999502807
std_dev=0.003482531672774016
