average=0.14888729000813328
std_dev=0.00439458379007972
