average=0.19280749999452382
std_dev=0.01952707819284048
