average=0.14571588999824597
std_dev=0.00334622984080276
