average=0.14851752000395207
std_dev=0.0032990690934034212
