average=0.0008993900000000001
std_dev=9.970389611243888e-05
