average=0.18406622000038625
std_dev=0.011722828166806646
