average=0.17448030000086873
std_dev=0.008420649596669574
