average=0.13359253000817262
std_dev=0.0015119990076616048
