average=0.21037504999549128
std_dev=0.01054549018634778
