average=0.21371624000603334
std_dev=0.014341572019324775
