average=0.19642414998961613
std_dev=0.012926947504635484
