average=0.00018233
std_dev=3.74814100588545e-05
