average=0.9067273399967235
std_dev=0.08680159366232308
