average=0.00035205
std_dev=4.2074338972822926e-06
