average=0.22595096999430098
std_dev=0.019772533146873453
