average=0.22443632999784313
std_dev=0.01574105885293821
