average=0.200385409995215
std_dev=0.004224317364385442
