average=0.20800025999778882
std_dev=0.008455073822754558
