average=0.2051671500026714
std_dev=0.007598869899616529
