average=0.1324606100039091
std_dev=0.002176064999462494
