average=0.2022351799882017
std_dev=0.017082766699659274
