average=0.19466659000026992
std_dev=0.009789704056974049
