average=0.2069813900103327
std_dev=0.03813832155877155
