average=0.0005702999999999999
std_dev=7.916312272769444e-06
