average=0.1818335199903231
std_dev=0.013601811600687448
