average=0.00072313
std_dev=3.481853098566912e-05
