average=0.13244860000559128
std_dev=0.0027279668798986622
