average=0.14895863001002
std_dev=0.009907328355269248
