average=0.13356174000073223
std_dev=0.0018233998025838191
