average=0.20231716000125743
std_dev=0.021714146022489667
