average=0.14891273999819532
std_dev=0.004114638198115618
