average=0.18359074001200498
std_dev=0.009364367569596901
