average=0.20077127000549808
std_dev=0.008607419204896754
