average=0.13309989001136274
std_dev=0.002228058434157638
