average=0.7698739700019359
std_dev=0.2303764685508492
