average=0.19064515000209212
std_dev=0.010899484571832806
