average=0.19473684999975377
std_dev=0.012354649622675191
