average=0.1885176700016018
std_dev=0.008989249371389837
