average=0.00039426
std_dev=8.014137508178912e-06
