average=0.19339190999162384
std_dev=0.01574498082687121
