average=0.00101519
std_dev=3.7140286751720174e-05
