average=0.00226841
std_dev=2.5458690068422617e-05
