average=0.1341544200084172
std_dev=0.002735985219542523
