average=0.3627297599974554
std_dev=0.09056880718539907
