average=0.2380500399915036
std_dev=0.012711927896590782
