average=0.13239253000356258
std_dev=0.0016069765206075807
