average=0.0013844999999999999
std_dev=1.5258702435004093e-05
