average=0.14840828001033515
std_dev=0.0028033940350218204
