average=0.00510048
std_dev=0.000596548567679112
