average=0.21297305001062342
std_dev=0.009217603351017274
