average=0.13814171998528763
std_dev=0.005716103484463249
