average=0.23954513000207953
std_dev=0.01678461874101466
