average=0.13901304999599234
std_dev=0.007286882477207052
