average=0.1895020499941893
std_dev=0.013349974461426653
