average=0.20294412999646738
std_dev=0.004531823015519118
