average=0.18420544001273811
std_dev=0.015446607206787179
