average=0.00039401999999999997
std_dev=1.113084004017667e-05
