average=0.18759735999046825
std_dev=0.02292643593705196
