average=0.0010138599999999999
std_dev=1.856772468559357e-05
