average=0.20431076000095344
std_dev=0.023963486671694744
