average=0.1791384999989532
std_dev=0.015783096687281884
