average=0.00223159
std_dev=1.7853484253780823e-05
