average=0.1794938400038518
std_dev=0.008862841513623447
