average=0.2116764599981252
std_dev=0.01372163235763662
