average=0.14843712999718264
std_dev=0.004356850414887139
