average=0.20475636000628583
std_dev=0.014927001445932911
