average=0.21022422998794354
std_dev=0.016198295476834768
