average=0.14710502999369054
std_dev=0.004376403393872526
