average=0.22388312999974005
std_dev=0.0077675645578932
