average=0.21475303000188434
std_dev=0.013407096365556415
