average=0.19917888999334538
std_dev=0.01460030153203396
