average=0.13759857999393715
std_dev=0.003973700710641131
