average=0.0009585899999999999
std_dev=8.597144874898867e-06
