average=0.011899999999999999
std_dev=0.00474236228055175
