average=0.21765039999154395
std_dev=0.01611632990192903
