average=0.00123755
std_dev=5.09074896257908e-05
