average=0.6566474000050221
std_dev=0.04666735437923436
