average=0.18964946000487543
std_dev=0.012572510148630232
