average=0.0011778399999999999
std_dev=0.00012738006280419242
