average=0.00023913
std_dev=4.182901026799463e-05
