average=0.1350738100009039
std_dev=0.0024238010712707113
