average=3.3339999999999996e-05
std_dev=5.326011640993661e-06
