average=0.14850698999362066
std_dev=0.004486600409482006
