average=0.19855786999687552
std_dev=0.007787088508766003
