average=0.1963441499916371
std_dev=0.012970447795079875
