average=0.1339934599935077
std_dev=0.002811480514093767
