average=0.20300878000562078
std_dev=0.006399627383605438
