average=0.17046048999764024
std_dev=0.004935509458868452
