average=0.3201474899891764
std_dev=0.0608287431228117
