average=0.1919908799987752
std_dev=0.008756418184402277
