average=0.00157365
std_dev=2.776621148086284e-05
