average=0.23113946999656038
std_dev=0.012358750338059143
