average=0.18221326000057161
std_dev=0.010670636592763775
