average=0.13343197001377122
std_dev=0.002282630918429341
