average=0.0035370600000000003
std_dev=0.00015628470942481858
