average=0.009600000000000001
std_dev=0.0020591260281974
