average=0.2055270500073675
std_dev=0.0075629585423029125
