average=0.22787801001104527
std_dev=0.021321273949973175
