average=0.1957213099987712
std_dev=0.02370604116460087
