average=0.1518935300060548
std_dev=0.00755010489156315
