average=0.1480098799976986
std_dev=0.0030603223255031876
