average=0.2027033000078518
std_dev=0.011585975081007328
