average=0.13457724999752826
std_dev=0.003406937085426999
