average=0.21478002000949345
std_dev=0.012986256086549335
