average=0.00135016
std_dev=1.1571620456962782e-05
