average=0.2249348699930124
std_dev=0.018163558210229285
