average=0.21182865998707712
std_dev=0.006817105065470449
