average=0.20230262000113725
std_dev=0.01664148932145109
