average=0.1467654600040987
std_dev=0.003295447191247392
