average=0.22168428999721074
std_dev=0.013329607821067362
