average=0.20615054999943822
std_dev=0.0111603489903748
