average=0.1470697300042957
std_dev=0.0031600521265625087
