average=0.14858218000736087
std_dev=0.003682337805841076
