average=0.2071063800016418
std_dev=0.02214975565137345
