average=0.13232783999992534
std_dev=0.0022225975827468046
