average=0.22803012000513262
std_dev=0.0392384844597814
