average=0.6693274799967185
std_dev=0.29774826812929955
