average=0.20443593999370932
std_dev=0.01363273313663354
