average=0.1993568900041282
std_dev=0.01107268264228249
