average=0.00026215
std_dev=2.6729197518818274e-06
