average=0.20592104999814181
std_dev=0.009202827627357399
