average=0.251487599988468
std_dev=0.012438385081450693
