average=0.13935147000011056
std_dev=0.006004930533039085
