average=0.0013819700000000002
std_dev=3.439610588424216e-05
