average=0.19793345999205486
std_dev=0.018265553106457555
