average=0.198498479987029
std_dev=0.008728574161942379
