average=0.19361623998265715
std_dev=0.008724118362495734
