average=0.18821163000538946
std_dev=0.014977156772039427
