average=0.2030168000026606
std_dev=0.013279979802362438
