average=0.19852561998995952
std_dev=0.01093325102971074
