average=0.00014909
std_dev=1.7569575976670574e-06
