average=0.010100000000000001
std_dev=0.00422965719651132
