average=0.0018456199999999999
std_dev=0.00012550947215250323
