average=0.22736435999395327
std_dev=0.021954290797606187
