average=0.19727529999800025
std_dev=0.015451036188205244
