average=0.1515542099950835
std_dev=0.008538635326043972
