average=0.7435068500053603
std_dev=0.18980476855160291
