average=0.20040599998901598
std_dev=0.0091227868717071
