average=0.19624392998521217
std_dev=0.009225138097222424
