average=0.00113597
std_dev=2.1295729618869603e-05
