average=0.0009651
std_dev=8.719174272831117e-06
