average=0.23594096999731845
std_dev=0.0279019027803088
