average=0.00230963
std_dev=4.845327749492294e-05
