average=0.3222070499905385
std_dev=0.02869094404479134
