average=0.241803110006731
std_dev=0.02240127834799387
