average=0.19103012999985367
std_dev=0.012592186645415603
