average=0.20134825000423007
std_dev=0.010874555573297575
