average=0.7394377200049348
std_dev=0.01528481554862774
