average=0.21097716998774557
std_dev=0.007249734546147777
