average=0.22819412999087946
std_dev=0.024028106790758997
