average=0.25547176999389193
std_dev=0.01135239668028825
