average=0.00129021
std_dev=4.8499184529226864e-05
