average=0.1488487599999644
std_dev=0.006142309526993887
