average=0.146525229990948
std_dev=0.004258925171052714
