average=0.13386569999856873
std_dev=0.002595086427128622
