average=0.18870117000187747
std_dev=0.009191396049739002
