average=0.19457951000658796
std_dev=0.010835991685803037
