average=0.14813842999283225
std_dev=0.004544978817859238
