average=0.00056237
std_dev=3.99333707567994e-05
