average=0.19798391999211162
std_dev=0.009046934030400182
