average=0.00114007
std_dev=2.1666566410024466e-05
