average=0.25275711999856865
std_dev=0.029423856620042477
