average=0.2229604000109248
std_dev=0.020405608270105652
