average=0.14898787000565789
std_dev=0.003633490549552958
