average=0.20925252999877558
std_dev=0.013183408814851466
