average=0.14836411999422125
std_dev=0.0030311045885029015
