average=0.00051628
std_dev=6.311228089682703e-06
