average=0.15047287000343204
std_dev=0.009788576808989412
