average=0.1902390200062655
std_dev=0.012027411269672059
