average=0.21574746000696904
std_dev=0.00718350909046011
