average=0.24466915001394227
std_dev=0.022156342750819055
