average=0.18590921998838894
std_dev=0.012988705796061257
