average=0.2920101000228897
std_dev=0.08448674578383034
