average=6.5900000000000004e-06
std_dev=1.0440306508910569e-07
