average=0.21701515999739057
std_dev=0.02165353724597724
