average=0.1463139700004831
std_dev=0.0035286082524872402
