average=0.37622324998374096
std_dev=0.06895904115772097
