average=0.0014243699999999999
std_dev=0.00019510360862885136
