average=0.1800819999887608
std_dev=0.007153261899798612
