average=0.13442302001058123
std_dev=0.0017682171546694566
