average=0.14857317999121733
std_dev=0.002645153863548494
