average=0.1473449400102254
std_dev=0.0035325880896615505
