average=0.19261419000104069
std_dev=0.009235486697776248
