average=0.20883086000103504
std_dev=0.006687310777423587
