average=0.1482451999967452
std_dev=0.004633343440980673
