average=0.00076746
std_dev=1.4890010073871677e-05
