average=0.13346800000872464
std_dev=0.001840425824996754
