average=0.14688383999164217
std_dev=0.003608320249411294
