average=0.19343023000983522
std_dev=0.011569501209599625
