average=0.750927750003757
std_dev=0.3688718581749573
