average=0.22968304998939856
std_dev=0.013960693726875474
