average=0.15010434000287204
std_dev=0.00526749888651272
