average=0.21135188001208008
std_dev=0.008907799657062537
