average=0.2580496700014919
std_dev=0.06146297241664918
