average=0.14824069999158382
std_dev=0.003539097701404314
