average=0.00098599
std_dev=1.4009600279808132e-05
