average=0.21209603000315838
std_dev=0.02870266511468743
