average=0.21817009001388216
std_dev=0.016038108402752518
