average=0.18895212998613714
std_dev=0.00813374405884658
