average=0.19611008001375013
std_dev=0.010793191125122866
