average=0.22139135999605059
std_dev=0.00901114350268136
