average=0.1862343800079543
std_dev=0.012718926404052285
