average=0.0021056499999999997
std_dev=3.531988816516832e-05
