average=0.00042741999999999997
std_dev=3.120512778374738e-06
