average=0.19701090001035482
std_dev=0.020866516606149566
