average=0.14814218999817969
std_dev=0.003545932173670039
