average=0.1576561999914702
std_dev=0.031175553378910873
