average=0.15294922999455593
std_dev=0.00942038538145797
