average=0.5892311999981757
std_dev=0.03593646512790287
