average=0.2144829699944239
std_dev=0.009953047057896222
