average=0.006500000000000001
std_dev=0.0022912878474779202
