average=0.13371941999066622
std_dev=0.001992373213128858
