average=0.20025948001421057
std_dev=0.010355903465310387
