average=0.00072324
std_dev=8.409251096262973e-05
