average=0.18949605000671
std_dev=0.015080397901323095
