average=0.4858894500066526
std_dev=0.7777128510190343
