average=0.0001337
std_dev=8.80045453371586e-06
