average=0.20123800999717786
std_dev=0.008355913366434323
