average=0.19263783000060358
std_dev=0.005097239075724213
