average=0.13476099999970756
std_dev=0.0034816531581537383
