average=0.20974939999869094
std_dev=0.016297276754868584
