average=0.008400000000000001
std_dev=0.00440908153700972
