average=0.20905820999178104
std_dev=0.016455278209655214
