average=0.18336452001822182
std_dev=0.004655991612612845
