average=0.15505629000253976
std_dev=0.016949052275526937
