average=0.21373466001241467
std_dev=0.011977552071740616
