average=0.2190594000159763
std_dev=0.018661756436245663
