average=0.19752679999219253
std_dev=0.014196659735682859
