average=0.20110964999184944
std_dev=0.013948949143391055
