average=0.24119774000137112
std_dev=0.024459095453152033
