average=0.0002827
std_dev=2.5425734994292694e-05
