average=0.2091100499907043
std_dev=0.021778927253975636
