average=0.1487064899993129
std_dev=0.0028503602751835514
