average=0.21336353999213314
std_dev=0.02064112446442713
