average=0.24320596000761724
std_dev=0.022409048614385738
