average=0.2200087200035341
std_dev=0.008895757230228903
