average=0.00315307
std_dev=7.27494474205818e-05
