average=0.004164719999999999
std_dev=5.552150574327012e-05
