average=0.36372396000078877
std_dev=0.020818405090124423
