average=0.1494574500131421
std_dev=0.0019742000251306065
