average=0.23147326000616886
std_dev=0.017727479733587643
