average=0.17949778999900445
std_dev=0.03963263660323916
