average=0.14782142000040038
std_dev=0.0024222316674795056
