average=0.00204376
std_dev=4.736526575455904e-05
