average=0.1494578899932094
std_dev=0.0037458731025937406
