average=0.14797589999507182
std_dev=0.0044538106005716
