average=0.00076794
std_dev=0.00010326049777141307
