average=0.2092082999937702
std_dev=0.020161329643460468
