average=0.00092221
std_dev=0.00016348383069894097
