average=0.003787
std_dev=0.00010354962095536628
