average=0.22470922998618334
std_dev=0.012017611564080382
