average=0.2233178599970415
std_dev=0.01557187897525316
