average=0.19924152999883518
std_dev=0.016027920918161943
