average=0.21295170000521466
std_dev=0.02145110163871623
