average=0.1968024600064382
std_dev=0.04321691876611093
