average=0.21842304999008774
std_dev=0.012820076377118789
