average=0.1484255899908021
std_dev=0.004215575736490674
