average=0.2716785000113305
std_dev=0.06215978461062282
