average=0.19014877001172864
std_dev=0.008068036184220048
