average=0.22273316000937485
std_dev=0.009742488534051422
