average=0.15071095002349466
std_dev=0.0036547613333072827
