average=0.15681157000362872
std_dev=0.015701323621987714
