average=0.2090790099988226
std_dev=0.011586941097182614
