average=0.14975456001120618
std_dev=0.0048141729668126
