average=0.00176079
std_dev=0.00010949417747076784
