average=0.21273978000390342
std_dev=0.02073556130519061
