average=0.15015149000100791
std_dev=0.003952044877090172
