average=0.00210524
std_dev=7.037823811378061e-05
