average=1.9469999999999998e-05
std_dev=3.606397094053843e-06
