average=0.00059455
std_dev=1.3981934773127787e-05
