average=0.21003025998943486
std_dev=0.01400721470440067
