average=0.181711899995571
std_dev=0.025539845407177356
