average=0.2936873600119725
std_dev=0.032715803883872165
