average=0.14796151000773533
std_dev=0.0017452767078779705
