average=0.23412700000335462
std_dev=0.033997045783244584
