average=0.00083298
std_dev=2.7713094377929002e-05
