average=0.21791279999306426
std_dev=0.008296276746897598
