average=0.15082420001272112
std_dev=0.004718489523876716
