average=0.15737301000626758
std_dev=0.012444325583990825
