average=0.21817733999341726
std_dev=0.007121539449722209
