average=0.14961923999362625
std_dev=0.003934175465521537
