average=0.20357742999331094
std_dev=0.01087149872435449
