average=0.18247778000077233
std_dev=0.007908526270985712
