average=0.24022461998974903
std_dev=0.009961892384128021
