average=0.20851203000638635
std_dev=0.010538259351848392
