average=0.18243691000971013
std_dev=0.03779469135398318
