average=0.2329118999885395
std_dev=0.018769496271845938
