average=0.15080728001194074
std_dev=0.0034629324999373183
