average=0.00138711
std_dev=1.9255100622951802e-05
