average=0.15183077999390662
std_dev=0.00528665459479464
