average=0.20698730000294746
std_dev=0.02616794663190345
