average=0.21178344000363722
std_dev=0.01027198990061887
