average=0.19457201000186614
std_dev=0.010312700425694194
