average=0.21312253000214695
std_dev=0.021272211448703872
