average=0.23417436999734492
std_dev=0.028592234604190962
