average=0.2351474200026132
std_dev=0.03668726877493823
