average=0.00281553
std_dev=0.0001235295596203597
