average=0.22638539999607019
std_dev=0.0084190925954858
