average=0.20005088000907562
std_dev=0.010107931350924117
