average=0.17012251999694855
std_dev=0.025983140750026255
