average=0.15078030000440776
std_dev=0.002960379748259144
