average=0.00313527
std_dev=5.857760749638043e-05
