average=0.18687032000161707
std_dev=0.03179762137784339
