average=0.00101294
std_dev=2.5809618362153297e-05
