average=0.1486945399956312
std_dev=0.0024447179288399896
