average=0.21454240000457503
std_dev=0.010025242938446257
