average=0.14909573000622914
std_dev=0.004015731289091747
