average=0.19539935000357217
std_dev=0.011185160395768636
