average=0.27443161999690346
std_dev=0.030470544851081218
