average=0.00137653
std_dev=1.965558699199796e-05
