average=0.2006560300127603
std_dev=0.009076107897410817
