average=0.00055327
std_dev=0.00011620217769043743
