average=0.14914859998971225
std_dev=0.004145166818349253
