average=0.21059411001042463
std_dev=0.016546466651977253
