average=0.001941
std_dev=0.0004896361465414904
