average=0.15491114000906236
std_dev=0.008589482504816713
