average=0.0020200599999999997
std_dev=3.881178171638093e-05
