average=0.2232310299994424
std_dev=0.026758543729643532
