average=0.2586662699934095
std_dev=0.02508239939814895
