average=0.2102335299947299
std_dev=0.020475671910852315
