average=0.15128609000821597
std_dev=0.004251254376249249
