average=0.00013026999999999998
std_dev=1.8414290646125907e-05
