average=0.18642017000820488
std_dev=0.03283363405901927
