average=0.0010438
std_dev=2.7135585492117195e-05
