average=0.20741694999742322
std_dev=0.01016954667805291
