average=0.0016255699999999998
std_dev=4.073843516876908e-05
