average=0.0008306499999999999
std_dev=1.5586612845644173e-05
