average=0.00171151
std_dev=2.0919581735780482e-05
