average=0.15336012999177911
std_dev=0.012811718990478801
