average=0.00014368
std_dev=2.9571601241731906e-05
