average=0.15008277999586425
std_dev=0.0036253632517677156
