average=0.21472111000330188
std_dev=0.021135681075582217
