average=0.22011425999808126
std_dev=0.010347071697556108
