average=0.20838717999868095
std_dev=0.0161230355971706
