average=0.14913239000015893
std_dev=0.0033182951385692483
