average=0.00049543
std_dev=2.2722061966291717e-05
