average=0.20728699999745004
std_dev=0.016593406037835486
