average=0.1488854299939703
std_dev=0.006763394147925022
