average=0.18530192000907847
std_dev=0.030534625812990046
