average=0.00125162
std_dev=4.419173678415454e-05
