average=0.00285004
std_dev=9.410626121571293e-05
