average=0.2343258499982767
std_dev=0.014442761654956227
