average=0.22487758999923244
std_dev=0.007882042520022323
