average=0.2093413399939891
std_dev=0.013848392985574956
