average=0.147554279997712
std_dev=0.008127884225741809
