average=0.19597446999396198
std_dev=0.010091289308598626
