average=0.004351590000000001
std_dev=0.0002823039335538916
