average=0.14970622000400907
std_dev=0.004672631691168019
