average=0.20885553999687545
std_dev=0.0082793456590788
