average=0.2074939799902495
std_dev=0.006277970105461468
