average=0.0016090299999999998
std_dev=2.6125506693650933e-05
