average=0.19465919000795112
std_dev=0.005273330499490533
