average=0.20011067001032642
std_dev=0.015328346356994775
