average=0.20517825001152232
std_dev=0.010406235657432133
