average=0.21421381000545808
std_dev=0.01343236604805487
