average=0.00068918
std_dev=0.00019125944577980976
