average=0.14975368999876082
std_dev=0.004332748820937691
