average=0.24453351999400183
std_dev=0.019482130796302306
