average=0.17088310000835918
std_dev=0.03710217282484147
