average=0.1487396700074896
std_dev=0.002335521841505076
