average=0.1501068099983968
std_dev=0.0048657368629690875
