average=0.193356160010444
std_dev=0.003262949286998374
