average=0.20423418999416754
std_dev=0.01901231760748252
