average=0.21067964999238029
std_dev=0.01687714912194298
