average=0.1495911900070496
std_dev=0.003990901099099516
