average=0.4352154699910898
std_dev=0.06610810086685696
