average=0.213185689994134
std_dev=0.007159398657590444
