average=0.2006327099981718
std_dev=0.01051445917817993
