average=0.00036021
std_dev=2.1141024100076135e-05
