average=0.00201151
std_dev=3.9639310034358623e-05
