average=0.14970385000342504
std_dev=0.003912671557563644
