average=0.1771957399963867
std_dev=0.04404104462941845
