average=0.22156095002428627
std_dev=0.013000187476141949
