average=0.14877762001124212
std_dev=0.003606745715181806
