average=0.14686612999648788
std_dev=0.002636039100970419
