average=0.1504666600143537
std_dev=0.006259493936127856
