average=0.21948126000934282
std_dev=0.011224956213753277
