average=0.22541648999904282
std_dev=0.018395311703922654
