average=0.20380361999268642
std_dev=0.008108322969680138
