average=0.231341659987811
std_dev=0.023792736858574855
