average=0.00102149
std_dev=1.806607040836498e-05
