average=0.14876511000329629
std_dev=0.004027875227093261
