average=0.2172563700005412
std_dev=0.011915135807763039
