average=0.1483319100108929
std_dev=0.003400044140906219
