average=0.00059429
std_dev=1.648753771792501e-05
