average=0.22193042000290006
std_dev=0.025184492304678386
