average=0.5838574599998537
std_dev=0.3726024351634509
