average=0.00048907
std_dev=1.914471467533535e-05
