average=0.14845266998745502
std_dev=0.003358331437519872
