average=0.2096062099968549
std_dev=0.010271794783555176
