average=0.14999391000601464
std_dev=0.0047777931724185116
