average=0.00026016
std_dev=2.350647570351624e-05
