average=0.21990842001396232
std_dev=0.016260571306410062
