average=0.00048742999999999996
std_dev=4.895109804692853e-06
