average=0.19432259000022895
std_dev=0.007042858787062969
