average=0.19610992000089028
std_dev=0.0162917687519817
