average=0.22624880998628213
std_dev=0.017911157022468496
