average=1.1940000000000001e-05
std_dev=2.17632718128502e-06
