average=0.20106577999540604
std_dev=0.008188082925534272
