average=0.2065267100057099
std_dev=0.016792575545707396
