average=0.0047596
std_dev=0.00026139034412158395
