average=0.15018301999079994
std_dev=0.004097837062293773
