average=0.22515203000511974
std_dev=0.02365267748828724
