average=0.1505725399882067
std_dev=0.0031196466208014257
