average=0.2329429799807258
std_dev=0.018635035265917217
