average=0.19793559999670834
std_dev=0.014910222856454557
