average=0.18565081000560896
std_dev=0.009298948379081805
