average=3.4429999999999994e-05
std_dev=4.987995589412644e-06
