average=0.20026859998470173
std_dev=0.012901932226231217
