average=0.23901982000097632
std_dev=0.023771661366154925
