average=0.008605
std_dev=0.0002497713394286861
