average=0.24584257000824436
std_dev=0.011074175513348416
