average=0.22837923000915908
std_dev=0.029086025344626874
