average=0.2006033999961801
std_dev=0.021485309907742067
