average=0.1493452600087039
std_dev=0.0049300302901458285
