average=0.20008331999997608
std_dev=0.00889844880702385
