average=0.00036225000000000005
std_dev=4.67299743205579e-05
