average=0.14948987999232485
std_dev=0.004860039948067674
