average=0.0032986100000000004
std_dev=0.0004963785620874455
