average=0.22345237000263296
std_dev=0.006091618117385628
