average=0.00136758
std_dev=3.66271429407209e-05
