average=0.23002917999983766
std_dev=0.014558709359781256
