average=0.15098130000405946
std_dev=0.004669805093822589
