average=0.14797674000728875
std_dev=0.0024198682250360175
