average=0.19546797999646515
std_dev=0.00731533885730479
