average=0.2641807899868581
std_dev=0.01637654067607469
