average=0.14967092999140733
std_dev=0.0029496288157763034
