average=0.20299475998617708
std_dev=0.014839529778187848
