average=0.14897971999598666
std_dev=0.00406062509179855
