average=0.21054815999232232
std_dev=0.012756660049285048
