average=0.20985439998912625
std_dev=0.018562769037476272
