average=0.00247434
std_dev=4.617307007336634e-05
