average=0.21492636000039056
std_dev=0.02401981737705495
