average=0.1869161400012672
std_dev=0.015883868894189617
