average=0.21478142000269146
std_dev=0.010879514852870734
