average=0.22791006999323143
std_dev=0.011627621248934784
