average=0.21325483001419343
std_dev=0.008881096717238322
