average=0.20269282999797725
std_dev=0.009889229109788344
