average=0.00101905
std_dev=3.3481584490582284e-05
