average=0.1799025999906007
std_dev=0.006388551138204628
