average=0.23610629999893717
std_dev=0.01369682586129893
