average=0.2496623299899511
std_dev=0.024545837515669456
