average=0.15017665999475865
std_dev=0.0024941014074000485
