average=0.21444672999205067
std_dev=0.010339769215033852
