average=0.14828071999945677
std_dev=0.005522447113722588
