average=0.21484429998672566
std_dev=0.015505489778929326
