average=0.28457304000621664
std_dev=0.06169216982003469
