average=0.20807840999332256
std_dev=0.016457815037572855
