average=0.00087197
std_dev=1.5660399100916943e-05
