average=0.2305560200009495
std_dev=0.019061634506276477
