average=0.17080961999017746
std_dev=0.01676910909016958
