average=0.00214268
std_dev=0.00012357937368347516
