average=0.00287921
std_dev=0.00010031107067517525
