average=0.21172213000245393
std_dev=0.0132307389656467
