average=0.2084008199861273
std_dev=0.02096316611956825
