average=0.14771563999238424
std_dev=0.0024291616554548232
