average=0.20656605000258424
std_dev=0.01854341484134607
