average=0.21886685000499712
std_dev=0.013208929538508028
