average=0.1501040800008923
std_dev=0.002734826622129757
