average=0.23373437999980523
std_dev=0.011000389745330843
