average=0.21074429000145756
std_dev=0.01240635046580335
