average=0.00035932
std_dev=2.452585574449952e-05
