average=0.21784938998753206
std_dev=0.01900198675139248
