average=0.23994039999088274
std_dev=0.018204953257936855
