average=0.0027581100000000002
std_dev=7.759454168947709e-05
