average=0.15019351000082679
std_dev=0.006278687892077544
