average=0.17135881000431255
std_dev=0.0430818976910609
