average=0.1483154499961529
std_dev=0.002934324455797075
