average=0.15436237999238073
std_dev=0.009400459916327791
