average=0.1488183400069829
std_dev=0.0034138001215931447
