average=0.22066839000908658
std_dev=0.008600433431323369
