average=0.1937624799902551
std_dev=0.007190357387371681
