average=0.00208156
std_dev=0.0001193418635684896
