average=0.15065038001630454
std_dev=0.002399808039346031
