average=0.00666577
std_dev=0.0001715699626974374
