average=0.004325000000000001
std_dev=0.00011562130426526076
