average=0.1998813699989114
std_dev=0.013054077408416144
