average=0.14884101998759433
std_dev=0.0038966069562677906
