average=0.20554220000631176
std_dev=0.012652397792139976
