average=0.15139842000207865
std_dev=0.00387505917770745
