average=0.21123211000813172
std_dev=0.01877281561841528
