average=0.1949540899891872
std_dev=0.003321318636164903
