average=0.00244405
std_dev=3.896129489634552e-05
