average=0.18468817000393756
std_dev=0.01048805487463951
