average=0.22158396998420357
std_dev=0.00907383212722228
