average=0.2102580799954012
std_dev=0.0180819348650603
