average=0.16636638000491075
std_dev=0.026864747157888825
