average=0.21104756999993696
std_dev=0.007551859288288483
