average=0.2611831499903928
std_dev=0.03156295503137515
