average=0.14859870000509545
std_dev=0.002904852865653721
