average=0.14988653999753296
std_dev=0.00344910168876814
