average=0.00103857
std_dev=4.858028509591111e-05
