average=0.14883841999107972
std_dev=0.00238565941795388
