average=0.0024462299999999998
std_dev=5.5238719210350985e-05
