average=0.15061118000303395
std_dev=0.009041192862141705
