average=0.22276611999841406
std_dev=0.01841718143516361
