average=0.16289264999795705
std_dev=0.020678883330290526
