average=0.00012726
std_dev=1.5268477330762227e-05
