average=0.20029268999351188
std_dev=0.04968108200845422
