average=0.01378577
std_dev=0.0002967495039591478
