average=0.19675230000866578
std_dev=0.009341122684721759
