average=0.20198976999381557
std_dev=0.012969201292594977
