average=0.22640632999828086
std_dev=0.017982898332809652
