average=0.00154461
std_dev=2.136368179879111e-05
