average=0.00210867
std_dev=8.369604590421221e-05
