average=0.21392388999811374
std_dev=0.012259754540853466
