average=0.20408281000563874
std_dev=0.015239413273880566
