average=0.24177183999563567
std_dev=0.030648903942000753
