average=0.00019439
std_dev=3.3833901637263175e-05
