average=0.15118094999343157
std_dev=0.005461853110231602
