average=0.2172310199937783
std_dev=0.01734855187715974
