average=0.00176218
std_dev=0.00014507670936439107
