average=0.21081082999589854
std_dev=0.009982786156696523
