average=0.20949226000811905
std_dev=0.012687121566227503
