average=0.2118901499954518
std_dev=0.012969924226448621
