average=0.2315516200091224
std_dev=0.017545365833481968
