average=0.15165413001086564
std_dev=0.008693412124155253
