average=0.2492507799935993
std_dev=0.023866818445652013
