average=0.14798194001195952
std_dev=0.0034672621775113824
