average=0.15347129000001586
std_dev=0.009127133303433826
