average=0.17997933999286034
std_dev=0.03788380741109307
