average=0.2082848000107333
std_dev=0.01620724396980629
