average=0.20503153000609017
std_dev=0.01721224141953499
