average=0.00037918
std_dev=3.989934335299266e-05
