average=0.20575894999783487
std_dev=0.022311633043224553
