average=0.20433144000708126
std_dev=0.008551437715697371
