average=0.19147995000821538
std_dev=0.013835459077638685
