average=0.21061564000556246
std_dev=0.011031208293119554
