average=0.00027338
std_dev=2.3552740817153313e-05
