average=0.1507481100037694
std_dev=0.005843450727455797
