average=0.20389885998447427
std_dev=0.0105728792914308
