average=0.22351058000931517
std_dev=0.01775556614665722
