average=0.2171000199916307
std_dev=0.01889230668273231
