average=0.15190533999702893
std_dev=0.011344674925786363
