average=0.15292300999863073
std_dev=0.006187914217970131
