average=0.15026937999064102
std_dev=0.0042665623865654105
