average=0.19385443000937813
std_dev=0.019120944506425368
