average=0.204780970007414
std_dev=0.02157027388660364
