average=0.20400657998980024
std_dev=0.017374779836248324
