average=0.2141657599946484
std_dev=0.013936013606971909
