average=0.14793586001032963
std_dev=0.003611595697658812
