average=0.00012083000000000001
std_dev=3.974179160531141e-06
