average=0.14992052999441513
std_dev=0.006776623859008553
