average=0.00101896
std_dev=3.137279713382282e-05
