average=0.1957631700031925
std_dev=0.012180157113206351
