average=0.2163146500068251
std_dev=0.006195734154573682
