average=0.19152566000702792
std_dev=0.011028426772061665
