average=0.1519234399893321
std_dev=0.0034709751215230345
