average=0.14921353998361156
std_dev=0.004535737353349777
