average=0.20914072000305167
std_dev=0.014252860631576669
