average=0.00011795
std_dev=1.1134832733364248e-05
