average=0.20655525999027305
std_dev=0.016861620479069268
