average=0.00085863
std_dev=6.112243532451892e-05
