average=0.14805624999571593
std_dev=0.0029932849162288724
