average=0.23092142000677995
std_dev=0.01586613130502353
