average=0.1937665899982676
std_dev=0.03810471498930187
