average=0.14900198000250384
std_dev=0.003295255061155092
