average=0.00050966
std_dev=3.823919978242223e-05
