average=0.004295149999999999
std_dev=0.0002056971134945747
