average=0.2155815599951893
std_dev=0.013578971941280268
