average=0.19723727999953553
std_dev=0.0069190634246662315
