average=0.00104488
std_dev=5.624224035367012e-05
