average=0.14402289000572638
std_dev=0.0047962046307982046
