average=0.22170995999476872
std_dev=0.015248417644543398
