average=0.18515700999414547
std_dev=0.005125161037155602
