average=0.20448947999975645
std_dev=0.012503518089984674
