average=0.14840956999687477
std_dev=0.0028817845199278855
