average=0.20886344999889844
std_dev=0.018311781199757248
