average=0.00027586
std_dev=3.1216316246475974e-05
