average=0.00290628
std_dev=0.00019810915577024696
