average=0.22765718000591734
std_dev=0.013484552252850288
