average=1.9019999999999997e-05
std_dev=2.9054431675735804e-06
