average=0.00179339
std_dev=0.0011761667385621819
