average=0.00253807
std_dev=0.00017039892634638284
