average=0.2335027000110131
std_dev=0.03164236897343868
