average=0.1563037199957762
std_dev=0.015379654722739318
