average=0.24646612000069582
std_dev=0.012967743761617955
