average=0.0043958700000000005
std_dev=0.00035009996015423936
