average=0.23791538999648765
std_dev=0.04664145837408165
