average=0.00318689
std_dev=7.63984351933991e-05
