average=0.21575354000087826
std_dev=0.014093047044390527
