average=0.26221317999297755
std_dev=0.022062025915704414
