average=0.2063974099990446
std_dev=0.020710079953067395
