average=0.1513595299969893
std_dev=0.007395882441920507
