average=0.15009925998747348
std_dev=0.004558509737542284
