average=0.24695082001271657
std_dev=0.0352820050618353
