average=3.3809999999999996e-05
std_dev=4.657563740841343e-06
