average=0.0005826200000000001
std_dev=1.1083934319545568e-05
