average=0.21291716999257915
std_dev=0.016633453626959987
