average=0.008591499999999998
std_dev=0.00032374229875010166
