average=0.1527177899959497
std_dev=0.0048441479156218215
