average=0.0031475599999999998
std_dev=3.508262247894248e-05
