average=0.00850845
std_dev=0.00022205263902957763
