average=0.19933713999344035
std_dev=0.004669336346985445
