average=0.2393326499965042
std_dev=0.012381210143594315
