average=0.00162974
std_dev=2.6462433750507535e-05
