average=0.22512578999157995
std_dev=0.01743129332185924
