average=0.2230020400020294
std_dev=0.00723505619544684
