average=0.1828478300012648
std_dev=0.04156665578815861
