average=0.1830479600117542
std_dev=0.04318496714828752
