average=0.20295526999980212
std_dev=0.009863516327053519
