average=0.1609182700049132
std_dev=0.014945446641608552
