average=0.201227360003395
std_dev=0.007962108036600716
