average=0.20652758998330684
std_dev=0.018544130283679714
