average=0.19515228000236676
std_dev=0.009673904947853645
