average=0.17982090000878087
std_dev=0.007816414212507915
