average=0.00214331
std_dev=0.00010448462518476107
