average=0.0015343000000000002
std_dev=3.8417079535019265e-05
