average=0.22565160000231116
std_dev=0.014396132608962485
