average=0.20522331999382004
std_dev=0.01921640684564093
