average=0.19593898000312038
std_dev=0.03164887876090429
