average=0.21358749001519756
std_dev=0.017469861898638403
