average=0.23327759999083356
std_dev=0.015400762884120902
