average=0.21254733999376185
std_dev=0.00766031833875406
