average=0.21292161999153905
std_dev=0.009770445256302048
