average=0.22144064000458458
std_dev=0.010408557574884457
