average=0.14848840999184176
std_dev=0.0043508377212231044
