average=0.2225764699978754
std_dev=0.010721133244192407
