average=0.23242609999142588
std_dev=0.019269931965653388
