average=0.20884763000067325
std_dev=0.013312891083790501
