average=0.1516384100075811
std_dev=0.003283922347587432
