average=0.0016454
std_dev=5.897911494758128e-05
