average=0.1646855300059542
std_dev=0.01958311633608824
