average=0.21401161999674514
std_dev=0.011487296003732361
