average=0.19919698999729007
std_dev=0.010498678391768145
