average=0.19583119000890292
std_dev=0.007575443420809236
