average=0.22945035999873653
std_dev=0.01420812155205136
