average=0.21062525999732315
std_dev=0.0098870095160618
