average=0.148256879998371
std_dev=0.005475316825467019
