average=0.20454978999914603
std_dev=0.01803173168989679
