average=0.21978333000442946
std_dev=0.01905661827452227
