average=0.2063721200102009
std_dev=0.009314062458089068
