average=0.21758419999969192
std_dev=0.014235388941709325
