average=0.20824158999603243
std_dev=0.008475750812614818
