average=0.225988749996759
std_dev=0.010179258660881504
