average=0.20207398000638932
std_dev=0.015351743826817905
