average=0.20399012000998482
std_dev=0.021866481746532124
