average=0.2142699300078675
std_dev=0.012944395591926453
