average=0.22379767000675202
std_dev=0.016814620618620782
