average=0.0010006
std_dev=1.3993284103454761e-05
