average=0.15867404999444262
std_dev=0.018926117990549555
