average=0.22209273999906146
std_dev=0.010428041027247514
