average=0.15527949000825175
std_dev=0.011761628771778823
