average=0.21664776998804883
std_dev=0.01171116560907954
