average=0.20203996999771334
std_dev=0.012445062821774664
