average=0.20844517999794335
std_dev=0.0033211175096552665
