average=0.2180879599938635
std_dev=0.0059102218369644745
