average=0.0031561400000000004
std_dev=3.973490153504845e-05
