average=0.23058437000145204
std_dev=0.012706287284691375
