average=0.00036256
std_dev=3.429878131945798e-05
