average=0.14755025000195018
std_dev=0.004467794470645154
