average=0.14983222999144347
std_dev=0.0026937484512565345
