average=0.21762970999698156
std_dev=0.019912008833096823
