average=0.22876706999959423
std_dev=0.02225072545917174
