average=0.19806038002134302
std_dev=0.007118175965426337
