average=0.15494936998584308
std_dev=0.03922154034807975
