average=0.00025387
std_dev=2.6221176556363745e-05
