average=0.22570985998609103
std_dev=0.02689948103692195
