average=0.2213586599973496
std_dev=0.017967016340376514
