average=0.19443737000110559
std_dev=0.007684435745447481
