average=2.6219999999999996e-05
std_dev=4.890562339854182e-06
