average=0.00857141
std_dev=0.0002619402124531474
