average=0.20194536001072266
std_dev=0.018284542279771936
