average=0.21352812999975868
std_dev=0.023735585919458794
