average=0.21882638999959453
std_dev=0.016218878294609648
