average=0.00204229
std_dev=6.228282989717156e-05
