average=0.2264541499898769
std_dev=0.01081571032344751
