average=0.2306283099926077
std_dev=0.027317982820124674
