average=0.22317198001546784
std_dev=0.017226410723130088
