average=0.00243586
std_dev=7.01214403731127e-05
