average=0.23334420999744906
std_dev=0.029513841708378105
