average=0.15073294000467286
std_dev=0.004776576746078887
