average=0.2163988800079096
std_dev=0.017677265823470227
