average=0.14768466000678018
std_dev=0.003528601381820842
