average=0.20275884000002406
std_dev=0.01673576232158369
