average=0.24534524000482633
std_dev=0.016686660413919703
