average=0.24400555000756868
std_dev=0.014842376708967715
