average=2.2709999999999998e-05
std_dev=1.7286899664196585e-05
