average=0.16030339001445099
std_dev=0.015641624562029055
