average=0.2043544199957978
std_dev=0.011165057815579707
