average=0.2229384600010235
std_dev=0.008125723800146345
