average=0.00059212
std_dev=9.88228718465518e-06
