average=0.5517033500014804
std_dev=0.03146538794092333
