average=0.6747513100097422
std_dev=0.061293984216689044
