average=0.01139421
std_dev=0.0011651056737051796
