average=1.0035794499912298
std_dev=0.042805266667929935
