average=0.3165662400133442
std_dev=0.02543487476393367
