average=0.18651321999495848
std_dev=0.014153389355181064
