average=0.5692886200034991
std_dev=0.012995742999387919
