average=0.20712575000361538
std_dev=0.013536310950912072
