average=0.16072568001109175
std_dev=0.007447163910501893
