average=0.9136128600104712
std_dev=0.05698173536292281
