average=0.20624678000458516
std_dev=0.008140268058463553
