average=5.039175319991773
std_dev=0.030938412788178597
