average=7.88096165000461
std_dev=0.12875937795090475
