average=0.10039809
std_dev=0.0011598203468210062
