average=0.20189165999763645
std_dev=0.011286556755085527
