average=0.5287758299848064
std_dev=0.09972308545918797
