average=0.03889472
std_dev=0.0023736136542411457
