average=0.4788086200016551
std_dev=0.02952846062711563
