average=0.01710426
std_dev=0.00021447650780446735
