average=0.20912063998985103
std_dev=0.007169845630988306
