average=0.00018841000000000002
std_dev=2.2816636474292178e-05
