average=0.15451616999926046
std_dev=0.01120863095331666
