average=0.1578378999896813
std_dev=0.014267767748587732
