average=0.00045369
std_dev=7.231797840094809e-06
