average=0.15161937999655492
std_dev=0.0036729767940569314
