average=0.21198233000468464
std_dev=0.009223338342032344
