average=0.2145685300056357
std_dev=0.008214680019610877
