average=0.5809629900089931
std_dev=0.02887109113415336
