average=0.0007847100000000001
std_dev=7.801277395401348e-05
