average=6.169999999999999e-06
std_dev=2.002023975880409e-06
