average=0.23090275000431576
std_dev=0.00851571753782065
