average=0.004235930000000001
std_dev=5.2998623567032194e-05
