average=0.04409273
std_dev=0.0017427166287437557
