average=0.04063363
std_dev=0.0014460224964017664
