average=0.22842895001522265
std_dev=0.010473137865701044
