average=0.02268218
std_dev=0.0006602140346887517
