average=0.00013964
std_dev=3.193180232933931e-06
