average=0.48008878000546246
std_dev=0.024149422784739666
