average=0.16659431000589392
std_dev=0.018828099779326025
