average=0.00028406
std_dev=3.905432114376073e-06
