average=0.22622002999996765
std_dev=0.03134570634005664
