average=0.21160885000135748
std_dev=0.01921087204640401
