average=0.00031293
std_dev=5.492731560890264e-06
