average=0.18935319
std_dev=0.005451850147509562
