average=0.15442169000161812
std_dev=0.0037762071381587108
