average=0.00122433
std_dev=4.7915363924319734e-05
