average=0.415220730000874
std_dev=0.02752533017335931
