average=0.03912382
std_dev=0.0008930181149338462
