average=2.0803806499985513
std_dev=0.08398750445088424
