average=0.24983709999360143
std_dev=0.009704433779217873
