average=0.2281575400091242
std_dev=0.015652073313907253
