average=0.2352051400055643
std_dev=0.013000665909949461
