average=0.33687401000643147
std_dev=0.015566259656854183
