average=0.37735426000435834
std_dev=0.028150402011037454
