average=0.01872278
std_dev=0.0010567053693437925
