average=0.20822800999158061
std_dev=0.010779832888486123
