average=0.01171278
std_dev=0.00024316996854052502
