average=1.900018280016957
std_dev=0.025812661135803043
