average=1.1032497999956832
std_dev=0.03652247941043291
