average=0.00248812
std_dev=9.850579475340522e-05
