average=0.19686185999307781
std_dev=0.01152641803193426
