average=0.27221928000217305
std_dev=0.008498500927658826
