average=0.15441521999891847
std_dev=0.0024546529077356808
