average=0.20756952998926864
std_dev=0.021851241192904564
