average=0.17499331000144594
std_dev=0.02510194057849105
