average=0.2506506200064905
std_dev=0.014888269431018262
