average=0.24467745000147262
std_dev=0.01139752848429345
