average=0.210292820003815
std_dev=0.00956425394556587
