average=0.1934082499879878
std_dev=0.008264962854987627
