average=0.23685842999839224
std_dev=0.00990288582181801
