average=0.21045189001015388
std_dev=0.006007755886542349
