average=0.0197236
std_dev=0.0003252918197557386
