average=0.39854823999339717
std_dev=0.02225329940089537
