average=0.010282570000000001
std_dev=0.0003660567771534903
