average=0.4227927700034343
std_dev=0.014619196293710817
