average=0.21966051001218148
std_dev=0.012123998084256689
