average=0.15465957000269553
std_dev=0.004654092507847121
