average=0.00061395
std_dev=4.3013631560239134e-05
