average=0.15006750001339242
std_dev=0.003557957829520155
