average=0.07030704
std_dev=0.0025329491341912064
