average=0.20087384000071323
std_dev=0.014372006969814262
