average=4.342380470008356
std_dev=0.15827166419977795
