average=0.7813137500081211
std_dev=0.17995745679335803
