average=0.16785479999962263
std_dev=0.005591321557304183
