average=0.2027591700083576
std_dev=0.009778950174438642
