average=0.3274983400129713
std_dev=0.03246600207803544
