average=0.19481837999774143
std_dev=0.007756671700039685
