average=0.058736
std_dev=0.002305661751862142
