average=0.1608273799996823
std_dev=0.012462949336471232
