average=0.20700597001123242
std_dev=0.006186048781651659
