average=0.6525977700133808
std_dev=0.02002097744761596
