average=0.4227175099949818
std_dev=0.05274442585349262
