average=0.17230084000038914
std_dev=0.01891082025249316
