average=0.20076990998350083
std_dev=0.014623808099913743
