average=0.19784328999812714
std_dev=0.006956396148812443
