average=7.609156580013223
std_dev=0.09656086553837469
