average=0.31067273999215106
std_dev=0.017794352146318665
