average=0.21492434000829236
std_dev=0.013637356546594747
