average=0.16226966999238357
std_dev=0.012250298707544358
