average=0.21996466000564396
std_dev=0.012757388595645148
