average=0.19547177000786178
std_dev=0.009648035810246662
