average=0.00484966
std_dev=0.0001533399178296375
