average=0.24983445000252685
std_dev=0.024302618620067017
