average=0.26494319998892024
std_dev=0.06729434509622208
