average=0.19142511000973172
std_dev=0.01188114675286602
