average=0.158509799989406
std_dev=0.013264046980245562
