average=2.6376407499890773
std_dev=0.022315038671613743
