average=0.20894852000055836
std_dev=0.008192649528452087
