average=0.21765045000356623
std_dev=0.008875901864177043
