average=0.00030855
std_dev=5.108002055598646e-05
