average=0.20442419000319206
std_dev=0.005645174461851328
