average=0.194504269992467
std_dev=0.01558115161678715
