average=0.20748541998909786
std_dev=0.01890065351896102
