average=0.21914702999638394
std_dev=0.01319528509811514
