average=0.47483275998965835
std_dev=0.043615250690602424
