average=0.27793421999085693
std_dev=0.015946845353806496
