average=0.2676025899942033
std_dev=0.019526782990945957
