average=0.19596713999053464
std_dev=0.011719539772598113
