average=0.22016972000710666
std_dev=0.016281670407828863
