average=0.00313859
std_dev=0.00028605474108988303
