average=0.3814400000090245
std_dev=0.021814038782655053
