average=0.16564653000677937
std_dev=0.00711827459099023
