average=0.21383959999657237
std_dev=0.021298940344431493
