average=0.07184648
std_dev=0.003888324470977184
