average=2.5839319599908777
std_dev=0.017147813539557792
