average=0.02004892
std_dev=0.000950671806461094
