average=0.4771410899993498
std_dev=0.01715551601977714
