average=0.6613614300033077
std_dev=0.044954112610952245
