average=0.7602908400062006
std_dev=0.024050151333851872
