average=0.37211883001727986
std_dev=0.015003746176992652
