average=0.21246623000479303
std_dev=0.008176821255270661
