average=4.116556000005221
std_dev=0.09573504110400337
