average=0.2058250899950508
std_dev=0.015862936420178445
