average=0.21868323000380768
std_dev=0.014251333072034581
