average=0.21589015999925323
std_dev=0.014204071776494284
