average=0.570019959990168
std_dev=0.025960362864352445
