average=0.15356104000820778
std_dev=0.0035463079343396875
