average=0.3468820300127845
std_dev=0.028662941519466464
