average=0.7047578900062945
std_dev=0.00714656827256067
