average=0.00059061
std_dev=7.154222529387809e-06
