average=0.15338595999055543
std_dev=0.004163274090502721
