average=0.7788924299995414
std_dev=0.03660353868562842
