average=0.15598985000979154
std_dev=0.013305450631277001
