average=0.00075603
std_dev=3.9563620916190155e-05
