average=0.5480713800003286
std_dev=0.04934737052249452
