average=1.2728474200000002
std_dev=0.00954528139467875
