average=0.09351954
std_dev=0.0009302373226225671
