average=0.18933444000431338
std_dev=0.0038242761674162954
