average=0.16934646999579855
std_dev=0.02093469994212109
