average=0.16130330000305548
std_dev=0.01279674006250739
