average=0.35298110999865456
std_dev=0.004241083227934546
