average=0.23097265999531374
std_dev=0.01949658972163868
