average=0.06047707
std_dev=0.006163634024023491
