average=0.22577214000048115
std_dev=0.01886656856324555
