average=2.7000000000000004e-06
std_dev=3.521363372331802e-07
