average=0.1644799300003797
std_dev=0.023564519951800655
