average=3.7700000000000003e-06
std_dev=5.814636704042652e-07
