average=0.2974176799878478
std_dev=0.020637117266193748
