average=0.4692226400016807
std_dev=0.009886267965725832
