average=0.385346219985513
std_dev=0.02558516209716947
