average=0.40532167999772356
std_dev=0.07295756675895522
