average=0.20002617001882755
std_dev=0.010008526907444235
