average=0.19920660000061616
std_dev=0.00875080643285828
