average=0.655611449998105
std_dev=0.0069363311384252006
