average=0.2153101800067816
std_dev=0.023636749223721353
