average=0.6510650499956683
std_dev=0.012891635062875332
