average=0.058196950000000004
std_dev=0.0014155571145312352
