average=0.1587717899994459
std_dev=0.0035239181569346073
