average=0.21502381999744102
std_dev=0.011043861476367598
