average=0.2718059599865228
std_dev=0.008406870622316053
