average=0.22737676999531686
std_dev=0.022716049243117077
