average=0.12080866999999999
std_dev=0.0006654703870947209
