average=0.03027709
std_dev=0.0003691771050593469
