average=2.029160709993448
std_dev=0.04409665008792715
