average=0.4453753499954473
std_dev=0.02172857349205584
