average=0.2804902499949094
std_dev=0.014009594281999188
