average=0.5718116000003647
std_dev=0.003507892745076147
