average=0.2101150600006804
std_dev=0.010751947076976714
