average=0.5684945599990897
std_dev=0.00596817284498028
