average=1.1751091600046493
std_dev=0.008273789377108362
