average=0.4661992800072767
std_dev=0.029146355611775875
