average=0.4015973999921698
std_dev=0.008032936650392382
