average=0.15599678999278693
std_dev=0.004215356361933475
