average=0.158284900005674
std_dev=0.004514301651732626
