average=0.5879160699958448
std_dev=0.07174759755313023
