average=0.20981671000481583
std_dev=0.006087724664887875
