average=0.40041147999581883
std_dev=0.03731668426771788
