average=0.20541375000029802
std_dev=0.010011547678828631
