average=0.22297238999744878
std_dev=0.01130753674957999
