average=0.20528762000612916
std_dev=0.008566477340297406
