average=0.038332240000000004
std_dev=0.0018952883306768914
