average=0.2418935499910731
std_dev=0.016937108185482375
