average=1.1387207899999339
std_dev=0.03595564950648439
