average=0.0017225500000000002
std_dev=0.0001080043355611246
