average=0.2090321999799926
std_dev=0.030506182708253674
