average=0.15349390000337734
std_dev=0.0032598710993417004
