average=0.01007193
std_dev=0.0001429229376272401
