average=0.21734831999638118
std_dev=0.013101574097498831
