average=0.15534511998994277
std_dev=0.0029206487056719728
