average=0.00125653
std_dev=5.261606313665058e-05
