average=0.7838002600008622
std_dev=0.03510940766740418
