average=0.15883877999149262
std_dev=0.01233963253789003
