average=0.21599282998940908
std_dev=0.025123760124311535
