average=0.19691276999074034
std_dev=0.009463663845146804
