average=0.20980359000968746
std_dev=0.010156185356654433
