average=0.19913634001277386
std_dev=0.010976687257378145
