average=0.20548991998657584
std_dev=0.011880926993151688
