average=0.16478825000231154
std_dev=0.011974835126281273
