average=0.15181523000937885
std_dev=0.004555721765002346
