average=1.225475009996444
std_dev=0.004266650107750968
