average=0.15843903998611494
std_dev=0.005073051943474024
