average=0.02676579
std_dev=0.0005956504351547139
