average=0.2719132400059607
std_dev=0.016301443231856498
