average=0.42680746000260117
std_dev=0.03929925499111885
