average=0.00729215
std_dev=7.24663956603334e-05
