average=0.1903998900030274
std_dev=0.01040945953115319
