average=0.15162453999510034
std_dev=0.0028958263130054616
