average=0.8613970300008077
std_dev=0.008926165677603634
