average=0.00016927
std_dev=1.8681972593920595e-05
