average=0.22506665999535472
std_dev=0.024100245816034795
