average=0.415919960004976
std_dev=0.021588253534278262
