average=0.205142039997736
std_dev=0.01312794024529698
