average=0.5213777200027835
std_dev=0.02628422681185365
