average=0.21088307999889366
std_dev=0.015455254657682445
