average=0.21537724001100286
std_dev=0.011414630096425057
