average=0.01798528
std_dev=0.001366737676220276
