average=0.04363361
std_dev=0.0010479601790621621
