average=0.3103909199940972
std_dev=0.010546645838664196
