average=0.18766037999885157
std_dev=0.0058577999377610905
