average=0.2442579500027932
std_dev=0.010060842828463751
