average=0.33894931999966504
std_dev=0.022345859212695822
