average=0.15458790000993758
std_dev=0.0043865386183716245
