average=0.22361411999445407
std_dev=0.004980906375833679
