average=0.31679679
std_dev=0.002365714303313062
