average=0.17692045000731013
std_dev=0.004970892314523913
