average=0.22809877000981943
std_dev=0.01027107361985141
