average=0.20397463000263089
std_dev=0.00818603874469796
