average=0.00017753999999999998
std_dev=1.4689805989188557e-05
