average=0.3611843100108672
std_dev=0.030819330101336525
