average=0.9032928800035733
std_dev=0.037611414524475494
