average=0.20474929000483827
std_dev=0.006373185092346885
