average=0.27540885
std_dev=0.0029642085355959633
