average=0.7540267299918924
std_dev=0.025357627236541468
