average=0.7542284099909011
std_dev=0.043823884360120566
