average=0.00994894
std_dev=0.00030328780127133364
