average=0.15221811999799684
std_dev=0.0032196234454496633
