average=0.20626695998944342
std_dev=0.008615299028800682
