average=0.1497402300068643
std_dev=0.004252531226716562
