average=0.23933378999354318
std_dev=0.019436781947381358
