average=0.335920539998915
std_dev=0.025891855764360545
