average=0.010547039999999999
std_dev=0.0001970952723938348
