average=0.23554117000312544
std_dev=0.010148912634864024
