average=0.6997119800071232
std_dev=0.008916937493384743
