average=0.00378632
std_dev=9.552332490025661e-05
