average=0.15021487000631167
std_dev=0.005051204396026209
