average=0.00060215
std_dev=9.380964769148229e-06
