average=0.24424227000563406
std_dev=0.01587027222050329
