average=0.15791735000093468
std_dev=0.009158724130185574
