average=0.00045925999999999996
std_dev=6.220321535097679e-06
