average=0.5615318499971181
std_dev=0.03979307187700091
