average=0.20240511000156403
std_dev=0.008156917539400958
