average=0.6339888899994548
std_dev=0.04591736960808715
