average=0.14308576
std_dev=0.007342558173170987
