average=0.00620502
std_dev=0.0008088737599897774
