average=0.20499392998754046
std_dev=0.0067433538765084644
