average=0.21098391000414268
std_dev=0.014106084783639242
