average=2.150627120007994
std_dev=0.11091396405025165
