average=0.28127760998904705
std_dev=0.002440637617019914
