average=0.06360294
std_dev=0.008199717723946355
