average=0.11440067000000001
std_dev=0.0009520948640235362
