average=1.206529620004585
std_dev=0.012595965018105983
