average=0.00184325
std_dev=3.8527061917566444e-05
