average=0.1547617200005334
std_dev=0.0034334492215640213
