average=0.2536223399976734
std_dev=0.010264074802246174
