average=7.195267589989816
std_dev=0.22455456714207064
