average=0.1575641600007657
std_dev=0.012771711522814672
