average=0.2305328999995254
std_dev=0.009812082217397777
