average=0.029225639999999997
std_dev=0.000705400994045231
