average=0.280627329996787
std_dev=0.010089028099452139
