average=0.15422568999929354
std_dev=0.003782924562381607
