average=0.19826028998941184
std_dev=0.012298541835814707
