average=0.7193454600055702
std_dev=0.01125501733651583
