average=1.1012855399982073
std_dev=0.05992963041532826
