average=0.23415878999512643
std_dev=0.011948935568653504
