average=10.213105579983676
std_dev=0.08117241378552352
