average=0.15672050999710335
std_dev=0.005823431512136028
