average=0.15333530000643805
std_dev=0.0037303895751493957
