average=6.903996130015003
std_dev=0.11866034796899376
