average=0.2211845500045456
std_dev=0.01974060345512483
