average=10.427865040005418
std_dev=0.06678090231720804
