average=3.5315700000035575
std_dev=0.049828476468212035
