average=0.21363244001404383
std_dev=0.016280466810459287
