average=0.22987559999455698
std_dev=0.006880005599483439
