average=0.08266991
std_dev=0.001721381963104065
