average=0.00011721999999999999
std_dev=1.1336472114374909e-05
