average=0.2857614099979401
std_dev=0.010629233360335357
