average=0.4397475099947769
std_dev=0.012424699442083529
