average=0.48315042998292484
std_dev=0.04776953087693339
