average=0.15339233999839053
std_dev=0.003560908228928547
