average=0.22663912000134587
std_dev=0.010571445215240675
