average=0.22823125999420882
std_dev=0.013110947650958773
