average=0.7236604399979114
std_dev=0.008542153497207251
