average=0.4083896999945864
std_dev=0.008285361663646067
