average=0.3245084599999245
std_dev=0.020767076179581272
