average=0.20659425999619999
std_dev=0.006587460160526796
