average=0.1517936599906534
std_dev=0.003839589839403768
