average=1.4206990100094117
std_dev=0.09888461238043289
