average=0.21663380000391044
std_dev=0.014266087536038053
