average=0.15885822
std_dev=0.008993956060132827
