average=0.23730067000724375
std_dev=0.031862991290411403
