average=0.001234
std_dev=7.909838177864323e-05
