average=0.00031077000000000003
std_dev=4.847855298995629e-05
