average=0.22251502001308837
std_dev=0.00382031764163617
