average=0.07524542000000001
std_dev=0.0005932576081265216
