average=8.936999999999999e-05
std_dev=4.516830858024241e-05
