average=0.15786819001659752
std_dev=0.0063442195488099835
