average=0.00036559
std_dev=8.913577788968915e-05
