average=0.00119622
std_dev=3.534144309447481e-05
