average=0.4588742699997965
std_dev=0.04628013555102696
