average=0.34652411999413746
std_dev=0.027750100000454875
