average=0.27805535
std_dev=0.003690547372206461
