average=0.1598185500013642
std_dev=0.007740101061748876
