average=0.23427975999657064
std_dev=0.01826502451139947
