average=0.4989655400044285
std_dev=0.026934378455821556
