average=0.2121613100054674
std_dev=0.019418506471184763
