average=0.00032364
std_dev=1.0424989208627514e-05
