average=0.8361144700145815
std_dev=0.028458067447920163
