average=0.1609540599922184
std_dev=0.012960727079889666
