average=1.208571089990437
std_dev=0.008798094378664972
