average=0.21492001999286003
std_dev=0.0114987742771256
