average=0.21769625000888482
std_dev=0.015846306837536413
