average=0.2442802900040988
std_dev=0.017775951378974496
