average=0.23144607000867837
std_dev=0.011359992196495156
