average=0.7091427100007422
std_dev=0.027532207821550688
