average=0.15450815999647602
std_dev=0.0032901283810625116
