average=0.22323948001139798
std_dev=0.01883419528322979
