average=0.35603526000631974
std_dev=0.008953941607487163
