average=0.3319219399942085
std_dev=0.04807550630603515
