average=0.00203396
std_dev=0.0001954694973646784
