average=0.13750309
std_dev=0.0013472406135876394
