average=0.21145027000457048
std_dev=0.020818988833492758
