average=0.14837214999133722
std_dev=0.0035885005251807267
