average=0.2401276700082235
std_dev=0.014555401435808281
