average=0.2263869300018996
std_dev=0.012845122510857657
