average=0.2300684599962551
std_dev=0.011292065294770769
