average=0.20902890000143087
std_dev=0.011446446838089172
