average=0.21988091999664902
std_dev=0.005487734118330469
