average=0.1767408300016541
std_dev=0.02091718583062339
