average=0.25267931999987925
std_dev=0.02804469727959296
