average=0.00011598999999999999
std_dev=1.0721049388935764e-05
