average=0.2744763400056399
std_dev=0.010296824986067108
