average=0.04038389
std_dev=0.0008387962678147774
