average=0.3945458800008055
std_dev=0.03682281867178568
