average=0.7569534199952613
std_dev=0.16215473413121168
