average=0.06586755
std_dev=0.0010718605555294957
