average=0.4090164600056596
std_dev=0.027428313540166355
