average=0.7467065200034995
std_dev=0.006668639926667226
