average=0.27940392997697927
std_dev=0.020426284576943884
