average=0.23720394001575187
std_dev=0.012074019300762672
