average=0.2008565800031647
std_dev=0.012502669961725901
