average=0.14971110999999998
std_dev=0.002490084654564984
