average=0.2149405300093349
std_dev=0.02063590201652712
