average=0.21778873999137432
std_dev=0.008959908009119307
