average=0.21388584000524133
std_dev=0.005817445810727247
