average=0.07137599
std_dev=0.001747834737868544
