average=0.00519376
std_dev=0.00011562518064850754
