average=0.34823054999578745
std_dev=0.06391835821613644
