average=0.9052364599949214
std_dev=0.02489755056914813
