average=0.00121515
std_dev=2.4355543516825916e-05
