average=0.39322169999359174
std_dev=0.042823791220948516
