average=3.4963842800061684
std_dev=0.061280315277924075
