average=0.020273259999999998
std_dev=0.00030606505909691796
