average=0.2858876000042073
std_dev=0.03716073810000161
