average=0.23729142000665887
std_dev=0.013574596140019792
