average=0.15373768000281415
std_dev=0.008032901427312377
