average=0.22714790999307297
std_dev=0.015072713769932746
