average=0.25194203000282867
std_dev=0.008952030948216583
