average=0.00234218
std_dev=4.747807493991309e-05
