average=0.2013314500101842
std_dev=0.018013023556166293
