average=0.0016093300000000002
std_dev=1.409134840957385e-05
