average=0.41066666998667645
std_dev=0.005880562397451671
