average=0.5064652000030037
std_dev=0.025858126747828048
