average=0.2744086600083392
std_dev=0.07557905825389745
