average=0.050439769999999995
std_dev=0.0006477780315046191
