average=0.5604970999993384
std_dev=0.006425034292877291
