average=0.16945529999793507
std_dev=0.005411842596649777
