average=0.48251617000787517
std_dev=0.006203584698984888
