average=0.20326902000233532
std_dev=0.0042238325175646485
