average=0.16268277
std_dev=0.006830470351015367
