average=4.663158870011102
std_dev=1.0122725442937628
