average=0.2186385200067889
std_dev=0.010726874485376243
