average=0.1484974800085183
std_dev=0.002818548181848047
