average=0.2122396899969317
std_dev=0.009967924293688752
