average=0.2512914100079797
std_dev=0.008522488547360959
