average=0.1529613700171467
std_dev=0.003964860009649721
