average=0.19217929998412728
std_dev=0.006925367087985755
