average=0.4806816600088496
std_dev=0.037702544819344055
