average=0.00157832
std_dev=2.536536220912292e-05
