average=0.15754736999515445
std_dev=0.002497557633371466
