average=0.23242463999777102
std_dev=0.011296792663307596
