average=0.19192898999899627
std_dev=0.006963939576400853
