average=0.20455544999567793
std_dev=0.01639049370887696
