average=0.1711497199954465
std_dev=0.0210340892364848
