average=0.4097473300236743
std_dev=0.010359320385672941
