average=0.19700611998559908
std_dev=0.009571591091799753
