average=0.8905353299924172
std_dev=0.029340886382217893
