average=0.18593850001343526
std_dev=0.0037331823978737112
