average=0.017364940000000002
std_dev=0.000714994061793523
