average=0.05083359
std_dev=0.0003779015994938377
