average=5.025220009998884
std_dev=0.0352076188282405
