average=0.33787761999410576
std_dev=0.026178919384845744
