average=0.21195650000008753
std_dev=0.013150831885515425
