average=0.21899220999912358
std_dev=0.008000955611137821
