average=0.3332403200038243
std_dev=0.019705732080548634
