average=1.1543882400088479
std_dev=0.04107683446626744
