average=1.1514021300012245
std_dev=0.048578049188952095
