average=0.35021248999983073
std_dev=0.023463770986522466
