average=0.1907518199936021
std_dev=0.007215078904035966
