average=4.3009999999999996e-05
std_dev=6.338998343587101e-06
