average=0.1726603599905502
std_dev=0.02259161551930862
