average=0.614900510001462
std_dev=0.01648640488869101
