average=0.20843967001419514
std_dev=0.007469263192051785
