average=0.4734953300037887
std_dev=0.03657788637290448
