average=0.20768169998773373
std_dev=0.01527938002676295
