average=0.002903
std_dev=0.0005652032147820818
