average=0.34128513000905514
std_dev=0.032504907718614674
