average=1.198588169994764
std_dev=0.019636803748484224
