average=0.28743077999679373
std_dev=0.033792523125062125
