average=0.16263726
std_dev=0.013035247344504057
