average=0.24559612000011838
std_dev=0.02428194632139712
