average=7.921540460002143
std_dev=0.15724818618211336
