average=0.21840341000352054
std_dev=0.011950005186709517
