average=0.24165794999571516
std_dev=0.03428000776427348
