average=0.6643125700007658
std_dev=0.00811581903765241
