average=0.2192855100147426
std_dev=0.015945516039662787
