average=0.15042243000352756
std_dev=0.0027832816281052435
