average=0.1705139599973336
std_dev=0.010433203311107177
