average=2.600347769993823
std_dev=0.017462012989371826
