average=0.16379014999838545
std_dev=0.02501146386316284
