average=0.7036004399880766
std_dev=0.02209869225638852
