average=0.24410501001402735
std_dev=0.022318117627139093
