average=1.2339999999999999e-05
std_dev=2.4195867415738582e-06
