average=0.2784930699912366
std_dev=0.045630415796142736
