average=0.2284276799997315
std_dev=0.011775233629040491
