average=0.18203113000490703
std_dev=0.011817580348006448
