average=0.14884686000295916
std_dev=0.0015540453363435246
