average=0.589265770005295
std_dev=0.04722795605590822
