average=0.23396329000242985
std_dev=0.00856294941970921
