average=0.3080284399969969
std_dev=0.02314607095699586
