average=0.45176025000982917
std_dev=0.013013664845008035
