average=0.20870090000000002
std_dev=0.0030971942767608236
