average=0.3691019399964716
std_dev=0.026172540065768995
