average=0.0059825799999999995
std_dev=0.0004200558458110064
