average=0.18756817000103182
std_dev=0.006495920454114449
