average=0.25830514999688603
std_dev=0.024532976544448467
