average=0.4717493500036653
std_dev=0.024781368607392926
