average=0.574409819993889
std_dev=0.03239162552181352
