average=0.14985006999922917
std_dev=0.003450008951238965
