average=0.19984776000492274
std_dev=0.01044534584191506
