average=1.3550966200127732
std_dev=0.01369446651495893
