average=0.8444272399996408
std_dev=0.009303778823027227
