average=0.26689995000488126
std_dev=0.004140749594742117
