average=0.15382636000285857
std_dev=0.003465432995157179
