average=0.40601464999490416
std_dev=0.028410924389749917
