average=0.00595382
std_dev=5.3422163939698396e-05
