average=0.32488730000914073
std_dev=0.022058888614899557
