average=0.19763441000250168
std_dev=0.008391898271595408
