average=0.17357501
std_dev=0.002982620584804576
