average=0.6135381200117991
std_dev=0.10075089235728166
