average=0.08642955999999999
std_dev=0.0010914865507187905
