average=0.06482589
std_dev=0.00028078440287879414
