average=0.14983958000084385
std_dev=0.003496037970855191
