average=0.21571691999561154
std_dev=0.00725742460804991
