average=0.030392750000000003
std_dev=0.001429118726523448
