average=0.15345410999725573
std_dev=0.0035070795349084055
