average=7.822045269998489
std_dev=0.2587043073998531
