average=0.22370809999993072
std_dev=0.01313431098087955
