average=0.46594820999889636
std_dev=0.03343150166288527
