average=0.028926020000000004
std_dev=0.00027124894764772833
