average=0.2154278699948918
std_dev=0.008752565906303661
