average=0.20132095001172273
std_dev=0.009025090111882902
