average=0.00914444
std_dev=0.0006748522552381374
