average=1.3404077600047457
std_dev=0.011463634503619625
