average=0.47032269
std_dev=0.0027489662047577154
