average=0.00103623
std_dev=4.731160639843041e-05
