average=0.00048091000000000003
std_dev=2.6410999602438393e-05
