average=0.20600245001842268
std_dev=0.008274829109837407
