average=0.17758443001075647
std_dev=0.02029960566481236
