average=0.5666037900082301
std_dev=0.010351042266160048
