average=0.1487808299891185
std_dev=0.0026345725126998222
