average=0.29682174999616107
std_dev=0.026636480237793872
