average=0.1578519900154788
std_dev=0.005001759960185464
