average=0.20351964999572375
std_dev=0.002963496400519836
