average=0.63542392
std_dev=0.0030398379630500075
