average=0.5623280700063333
std_dev=0.06814626414454415
