average=0.20640234000748023
std_dev=0.009181075967047128
