average=0.01041432
std_dev=0.00022719808890041314
