average=1.0152319699991494
std_dev=0.008429727646479666
