average=0.031830409999999996
std_dev=0.001455436976615615
