average=0.19852545999456198
std_dev=0.014759020428914763
