average=0.2144829399941955
std_dev=0.012155966720032465
