average=1.25828088
std_dev=0.004688820794144317
