average=0.14803952000802384
std_dev=0.00420124453796583
