average=0.16727534999954513
std_dev=0.024335684544139348
