average=0.6163655799988191
std_dev=0.044511633756692294
