average=0.27313579999026844
std_dev=0.01645724853241407
