average=0.00307642
std_dev=0.00019028069161110384
