average=0.31158403999870643
std_dev=0.018540902815761724
