average=0.21016056999797
std_dev=0.019265734587026184
