average=0.01565529
std_dev=0.0005735161975916633
