average=0.7004897699982393
std_dev=0.04398046068991241
