average=0.1504431800043676
std_dev=0.004620554433931832
