average=0.565220810007304
std_dev=0.018699024199642568
