average=1.3321634900057688
std_dev=0.015313864973363763
