average=0.27741903000860474
std_dev=0.011780722052612014
