average=0.16752315999474376
std_dev=0.01685539800579884
