average=0.17911725999438205
std_dev=0.022950811554582597
