average=0.31625679
std_dev=0.0035010597062746546
