average=0.22516346000484191
std_dev=0.016791977277739414
