average=0.33576342999585906
std_dev=0.022801236825764546
