average=0.00090589
std_dev=2.1080343925088134e-05
