average=0.19151815000805072
std_dev=0.011367591055879955
