average=0.0463575
std_dev=0.0012929211948142848
