average=0.2177467000030447
std_dev=0.01382305041390938
