average=0.31935678999871014
std_dev=0.027994614830393543
