average=0.6281843899923842
std_dev=0.029006375397559986
