average=0.45761654000962154
std_dev=0.011187620574843104
