average=0.22624809000408277
std_dev=0.02016237416257877
