average=0.44639435998979027
std_dev=0.006589565742587102
