average=0.02212592
std_dev=0.0005719728993580029
