average=0.22865191000746563
std_dev=0.00986051939318073
