average=0.1540229299920611
std_dev=0.002494246477064361
