average=0.1495428200054448
std_dev=0.0023729927110448684
