average=0.0751287
std_dev=0.0024026833557503993
