average=0.21048889000085183
std_dev=0.0178819918613457
