average=0.1552318900008686
std_dev=0.0045910413818107355
