average=0.25000538999447597
std_dev=0.027295017368428973
