average=0.18836393000092358
std_dev=0.012338154444116805
