average=0.1533241299970541
std_dev=0.0021936277735537676
