average=0.16867114001652225
std_dev=0.014505543843395953
