average=0.21444706000038422
std_dev=0.006263210685347075
