average=0.19068121999735013
std_dev=0.013320164636349708
