average=0.0009882200000000002
std_dev=3.1063412562047985e-05
