average=0.21508987999986856
std_dev=0.013593704242570575
