average=0.3491652499884367
std_dev=0.002727419644324875
