average=0.219973110005958
std_dev=0.004367179360946582
