average=0.00028884
std_dev=1.3934790992332817e-05
