average=0.47798782999743705
std_dev=0.047231346655470074
