average=0.1517758100060746
std_dev=0.003570625443121424
