average=1.0635695799952374
std_dev=0.039525837292354635
