average=0.5312861199956387
std_dev=0.059582346361273256
