average=0.19772126000607387
std_dev=0.014796437326765338
