average=0.9835426800011191
std_dev=0.057331596679146994
