average=0.18095966000109912
std_dev=0.004936828764770809
