average=0.1653816399979405
std_dev=0.006994327237208019
