average=0.35383505999925546
std_dev=0.0358194069353756
