average=0.00484879
std_dev=7.684193451495085e-05
