average=0.00130532
std_dev=2.10962461115716e-05
