average=0.15792731000692584
std_dev=0.013220684256391554
