average=0.24237961000180802
std_dev=0.012322691469650083
