average=0.4879601999942679
std_dev=0.006322437815553246
