average=0.32707650999655014
std_dev=0.03917592318542909
