average=0.0380305
std_dev=0.0010209742533482413
