average=0.34450081999530086
std_dev=0.006147546131135167
