average=0.19237158999894746
std_dev=0.008730393540134204
