average=3.8855819099990185
std_dev=0.14178188715683165
