average=0.32364811999723314
std_dev=0.028096759010117316
