average=0.2318993700086139
std_dev=0.02866553615487995
