average=0.2788426099985372
std_dev=0.02676199266227285
