average=0.00015235999999999998
std_dev=3.2894382499144134e-05
