average=0.4542521800030954
std_dev=0.0077110367752161926
