average=0.2034414400055539
std_dev=0.00895068963392544
