average=0.5753306600032374
std_dev=0.008495311712351978
