average=0.33441274000215343
std_dev=0.018117065220050653
