average=0.6880175800062716
std_dev=0.03758784960713033
