average=0.03025977
std_dev=0.0001778590399726702
