average=0.00243313
std_dev=4.870076077434521e-05
