average=0.4570989700034261
std_dev=0.00480178513316388
