average=4.042590320011368
std_dev=0.13848639349209738
