average=0.3721708299883176
std_dev=0.010752646216230406
