average=0.16660188999958336
std_dev=0.02102708731448719
