average=0.21541278999648056
std_dev=0.012389372944184024
