average=0.0001997
std_dev=4.6712910420996034e-05
