average=0.22531982000800782
std_dev=0.01351349532144875
