average=0.21380898999632336
std_dev=0.009610642426655713
