average=0.39305693000205794
std_dev=0.026267776444868836
