average=0.7058175799960736
std_dev=0.05196886184973763
