average=0.2352877899946179
std_dev=0.01196480574265373
