average=0.22841988001018762
std_dev=0.015111290297525564
