average=0.25682790999417193
std_dev=0.014576817546311948
