average=0.2302253899979405
std_dev=0.004403874566977729
