average=0.3560454900027253
std_dev=0.005475460036364354
