average=0.27671206000959503
std_dev=0.03021232859531862
