average=0.6389385400048923
std_dev=0.02654370779182656
