average=0.2692225699953269
std_dev=0.022335157016673973
