average=0.20982034000335262
std_dev=0.024401869309750204
