average=0.20246279999846592
std_dev=0.006460516015126052
