average=1.076989290007623
std_dev=0.06279548092626082
