average=10.819845009990967
std_dev=0.08736211053698527
