average=0.21009751998935827
std_dev=0.00934701009959951
