average=0.20807770999963396
std_dev=0.006520217692338965
