average=0.4308555500116199
std_dev=0.021927489977646913
