average=0.9296656999911648
std_dev=0.08703242327039147
