average=1.3314053499896545
std_dev=0.011226779461009351
