average=0.18566780000110156
std_dev=0.012052104087346648
