average=0.1535726899979636
std_dev=0.003027493924143567
