average=0.1899152399972081
std_dev=0.013549014722845929
