average=0.24562617999617942
std_dev=0.040409663284684504
