average=0.20484269999433308
std_dev=0.014462750914642372
