average=0.0048273
std_dev=0.00014216010692173802
