average=0.2809143699996639
std_dev=0.010433058854717188
