average=0.25653078001341784
std_dev=0.0187421717370526
