average=0.6818560200103093
std_dev=0.03275426104538023
