average=0.2003764700028114
std_dev=0.016321644488963526
