average=0.12047774
std_dev=0.001010424064638212
