average=0.28413965000072494
std_dev=0.011237270000929648
