average=0.14870982000720687
std_dev=0.0028104367575370252
