average=0.41273517000954596
std_dev=0.0279263859644078
