average=0.22882647000369616
std_dev=0.03322478519416173
