average=0.2699099799967371
std_dev=0.00458649197032259
