average=0.22648953000316396
std_dev=0.00954318494442107
