average=0.21894970000721514
std_dev=0.017755328000705874
