average=0.00014074
std_dev=1.8260405252896224e-05
