average=0.42740084999240935
std_dev=0.05545717748793763
