average=0.9597484699916095
std_dev=0.05945708179402498
