average=0.27852803000132553
std_dev=0.011529582841661402
