average=0.04712434
std_dev=0.0003056915903324785
