average=0.5217997399973683
std_dev=0.021607094957877708
