average=0.00016348
std_dev=2.1251249375036754e-05
