average=0.00023646000000000002
std_dev=2.501279672487661e-06
