average=0.2486522399878595
std_dev=0.0093738535065123
