average=0.2605724900146015
std_dev=0.01684958625704621
