average=0.15066658999421634
std_dev=0.002855015256527727
