average=0.44015541999251584
std_dev=0.011552479388061813
