average=0.21816216000006533
std_dev=0.014601506859374109
