average=0.154841689998284
std_dev=0.0024399739160329463
