average=0.23239472
std_dev=0.004600973920769384
