average=0.02442323
std_dev=0.001541247850314802
