average=1.09431107
std_dev=0.00637330597524547
