average=0.51223730998463
std_dev=0.058908060004311494
