average=2.3250000000000003e-05
std_dev=5.940412443593459e-06
