average=0.11694635
std_dev=0.003037073102594008
