average=0.1775646099995356
std_dev=0.00880662198896036
