average=0.02676615
std_dev=0.00043487059971904213
