average=0.18189093999681064
std_dev=0.0062756706866828596
