average=0.4152434600051492
std_dev=0.016172461434692243
