average=0.00194091
std_dev=0.00011589698399872189
