average=1.8912251000000002
std_dev=0.01120023599876361
