average=0.1509800500003621
std_dev=0.0037224333253393924
