average=0.2205944899993483
std_dev=0.04511134747623526
