average=1.964290080004139
std_dev=0.0689178021798339
