average=0.16326946000917814
std_dev=0.01515030977786337
