average=0.21334839999326505
std_dev=0.014258823539713562
