average=0.1634053100075107
std_dev=0.02055521395575052
