average=0.2707050900091417
std_dev=0.036087868053709386
