average=0.21457499000243843
std_dev=0.016520276629983205
