average=0.696996819996275
std_dev=0.00558858151541503
