average=0.6438501299940981
std_dev=0.027647865892775587
