average=0.4539841499994509
std_dev=0.027103875899352314
