average=0.16538455000845714
std_dev=0.022480357957049377
