average=0.3047875099931844
std_dev=0.018190443523455568
