average=0.08180298999999999
std_dev=0.0010740796659931713
