average=0.01220764
std_dev=0.0004951240232507406
