average=0.22008296000421979
std_dev=0.00964671534961647
