average=0.34190178000135346
std_dev=0.04527145469508819
