average=1.869785969989607
std_dev=0.03058181900130772
