average=0.7335280299943406
std_dev=0.016559583324130423
