average=0.19199688000371679
std_dev=0.012976355620387597
