average=0.0008763200000000001
std_dev=1.2473155174213132e-05
