average=7.102000000000001e-05
std_dev=7.841913031907456e-06
