average=0.21413487000390888
std_dev=0.006734401387408271
