average=0.1958821300067939
std_dev=0.012179227492283578
