average=0.1723510000098031
std_dev=0.01829299778646487
