average=0.18622594000189566
std_dev=0.007555621002336061
