average=0.23553324000095016
std_dev=0.014276442668457155
