average=0.14952203001594172
std_dev=0.0030521420042299817
