average=1.011378680006601
std_dev=0.012189187223900527
