average=0.2411283999856096
std_dev=0.015671876255629873
