average=0.00013897
std_dev=2.1706959713419102e-05
