average=0.21875796999083832
std_dev=0.006803721205031848
