average=0.36565931999939494
std_dev=0.05023477015971152
