average=0.16195183000527322
std_dev=0.006241301254999948
