average=7.3320029699942095
std_dev=0.10705307886918437
