average=0.20911334002157672
std_dev=0.012229020408871678
