average=0.21417358000180683
std_dev=0.023645956043305418
