average=0.2501081400027033
std_dev=0.018329049966463975
