average=0.14883656998863443
std_dev=0.0015772357100833365
