average=0.15328186000115238
std_dev=0.003109497040886735
