average=0.00962388
std_dev=0.00010188953626354376
