average=0.20061620000633412
std_dev=0.011142823003028135
