average=0.23650601001572796
std_dev=0.026211073027708375
