average=0.21354155999142677
std_dev=0.014207394502983056
