average=0.13923018
std_dev=0.0016046818462237351
