average=0.00146718
std_dev=1.9787056375317692e-05
