average=0.3254316599923186
std_dev=0.02279751574321433
