average=0.00020752000000000002
std_dev=3.467064464355978e-05
