average=0.6392499800072983
std_dev=0.04595527561070778
