average=0.2982385400100611
std_dev=0.024258609836050656
