average=0.5213479999976698
std_dev=0.02483791505670113
