average=0.0032568199999999997
std_dev=0.0005889655147799402
