average=0.6823925499920733
std_dev=0.024982278751708435
