average=0.00063718
std_dev=1.5811185913776356e-05
