average=5.160089699999662
std_dev=0.0473382742604757
