average=0.23298849999555388
std_dev=0.023548960351390643
