average=0.15460766999749467
std_dev=0.004453547323237885
