average=0.07824881
std_dev=0.0011226168664776061
