average=1.09493198
std_dev=0.005286892551546703
