average=0.5506634700170252
std_dev=0.028044807190125805
