average=0.48178537999046966
std_dev=0.011247357658550826
