average=0.14862965000211262
std_dev=0.003694608108851192
