average=0.3973472699930426
std_dev=0.02622441247791808
