average=0.0017120400000000002
std_dev=0.00010345707515680119
