average=0.230704510002397
std_dev=0.00983589456375459
