average=0.19341993998968973
std_dev=0.011446345274475649
