average=0.2234168199938722
std_dev=0.01274763498681733
