average=0.0048886699999999995
std_dev=0.00021196846015386354
