average=2.6480025599943473
std_dev=0.012547906677690531
