average=0.0003206
std_dev=2.5129464777428112e-05
