average=0.19831426000455393
std_dev=0.009087126204750681
