average=5.0785713599994775
std_dev=0.0417781829122032
