average=0.16518330000108108
std_dev=0.013715282759134698
