average=10.441352730005747
std_dev=0.08379299547382375
