average=0.22055155000998639
std_dev=0.012757756823891882
