average=6.753514420002466
std_dev=0.15837077011358755
