average=0.19562232000171206
std_dev=0.012240759075709075
