average=0.00629224
std_dev=0.0005816308540646723
