average=0.29658110000309534
std_dev=0.010617236649360665
