average=0.6174887200002559
std_dev=0.018814302353421606
