average=0.0015123600000000001
std_dev=0.00013433899806087582
