average=0.6586946499883197
std_dev=0.03157912425804068
