average=0.21273429000284522
std_dev=0.017068725706186807
