average=2.070891419996042
std_dev=0.06012766802449968
