average=0.8461537599971052
std_dev=0.019499798249557762
