average=0.21486969999969005
std_dev=0.014868803988465792
