average=0.6316076500050258
std_dev=0.05047443780003203
