average=0.22396564001683145
std_dev=0.01153219558878187
