average=0.1638911200047005
std_dev=0.007624263526073067
