average=0.5136154600011651
std_dev=0.026856229357018188
