average=0.1551836899947375
std_dev=0.002175537426150448
