average=6.748999999999999e-05
std_dev=6.578518070203957e-06
