average=0.04747861
std_dev=0.0008049818997343974
