average=0.16489464999176562
std_dev=0.018535765819136376
