average=0.1164704
std_dev=0.0036032168646918804
