average=0.1552500299992971
std_dev=0.006412927952446522
