average=0.00107434
std_dev=2.580764227898392e-05
