average=0.19114781998796387
std_dev=0.009514032883914761
