average=0.4755123500013724
std_dev=0.02828813086671945
