average=0.00103581
std_dev=6.99177373775778e-06
