average=0.2731770999904256
std_dev=0.036446243941480404
