average=0.20078792999847792
std_dev=0.009923834689904256
