average=0.5308003600104712
std_dev=0.020945806383343403
