average=0.4217276399955153
std_dev=0.012928915567208174
