average=3.2909999999999995e-05
std_dev=4.640355589822832e-06
