average=0.00137776
std_dev=0.00011550867673036515
