average=0.1883276000036858
std_dev=0.009144177970315323
