average=3.6099999999999997e-06
std_dev=1.0440306508910553e-07
