average=0.6460889899928588
std_dev=0.009994561829659918
