average=0.19055313000571913
std_dev=0.004333548899631143
