average=0.1767208800127264
std_dev=0.026100246373191686
