average=0.27649388999999996
std_dev=0.003665178246538632
