average=0.23103228000691162
std_dev=0.015359161179069465
