average=0.3125293900084216
std_dev=0.047497096674040507
