average=0.25628869000356647
std_dev=0.029731755772850397
