average=0.0010696
std_dev=0.00016272144910859174
