average=0.18412093998049386
std_dev=0.024182913147769932
