average=0.193719820008846
std_dev=0.009163082697566464
