average=0.20228207000764087
std_dev=0.012547985934809084
