average=0.1739084900007583
std_dev=0.01965682407603109
