average=0.7784588999988046
std_dev=0.0443667202751061
