average=0.6885311899997759
std_dev=0.03876964770437711
