average=0.1574070899921935
std_dev=0.011935597694731188
