average=0.00066386
std_dev=3.999155410833642e-05
