average=0.21011293000774459
std_dev=0.009366527350565262
