average=0.20591099000303076
std_dev=0.011190242632687818
