average=0.1491573000093922
std_dev=0.0032128132173289085
