average=0.1664809999987483
std_dev=0.017189481973286697
