average=0.1501935499953106
std_dev=0.0037075401261287937
