average=0.15936883001122623
std_dev=0.009514522251428752
