average=0.2319584599987138
std_dev=0.019581531246960517
