average=0.2401761500048451
std_dev=0.017183744467178925
