average=0.19428522998932748
std_dev=0.004594912796534552
