average=0.11972155
std_dev=0.0035160587973610477
