average=0.015316119999999999
std_dev=0.0002021045709527618
