average=0.20742247001617214
std_dev=0.006699494646280142
