average=0.23814801000407898
std_dev=0.01025392818349182
