average=0.06959628999999999
std_dev=0.0007460011158838837
