average=0.154372830002103
std_dev=0.008461812596984227
