average=0.19967988999560476
std_dev=0.009547533065969052
