average=0.63070268
std_dev=0.0073313653753990455
