average=0.22649299999466166
std_dev=0.008124061782378292
