average=1.0374384299968369
std_dev=0.036886586512804985
