average=0.2418141599802766
std_dev=0.010153780094739155
