average=0.1606783600000199
std_dev=0.011435446229096325
