average=0.1575682699913159
std_dev=0.010829604117686182
