average=2.8500000000000002e-06
std_dev=4.4328320518602994e-07
