average=0.21460682001197712
std_dev=0.013312299393757094
