average=0.8380521599960048
std_dev=0.05586365096835359
