average=0.3363499499973841
std_dev=0.0228527431528637
