average=0.48247145999921487
std_dev=0.02859021935201399
