average=0.2713688699994236
std_dev=0.043778131389496704
