average=1.0235334199969657
std_dev=0.013667146940905702
