average=0.15038662999868393
std_dev=0.004707824230524506
