average=0.08154961
std_dev=0.004943796871929509
