average=0.3978593899810221
std_dev=0.026352192574747225
