average=0.2652124100073706
std_dev=0.013330824728001964
