average=3.9856833299971184
std_dev=0.6994832705656809
