average=0.21265560999745503
std_dev=0.008165933391717096
