average=0.1593655100092292
std_dev=0.007367485606004369
