average=0.41728833998786286
std_dev=0.01727819712537431
