average=0.34215691000572407
std_dev=0.004085095019022435
