average=0.21280267001129688
std_dev=0.011922614500961612
