average=0.0001361
std_dev=2.4425478500942415e-05
