average=0.00114436
std_dev=0.00019472535120009416
