average=0.22814123000134715
std_dev=0.025603517326963292
