average=0.21289969999343156
std_dev=0.01275039594192683
