average=0.15840081999776884
std_dev=0.0154508316382388
