average=0.2032215000130236
std_dev=0.020583486898862344
