average=0.15783891999162733
std_dev=0.007568379765364464
