average=0.27299762999173255
std_dev=0.011131997496999307
