average=0.09591791
std_dev=0.002486773546766975
