average=0.5619728400022723
std_dev=0.013971191353459016
