average=0.24846951000508852
std_dev=0.013150785414702828
