average=0.21615907999803313
std_dev=0.017665531294880178
