average=0.5036359800142236
std_dev=0.021840481907886587
