average=0.01222412
std_dev=0.0004805022181010199
