average=0.10081770999999999
std_dev=0.0013538442306631885
