average=0.24377599999425
std_dev=0.019247410415817744
