average=0.3768356100015808
std_dev=0.029748050587864814
