average=2.50602326
std_dev=0.012505225312660297
