average=0.039829500000000004
std_dev=0.0011508966321959581
