average=0.21367222999688237
std_dev=0.007280982296838118
