average=0.8452771999931429
std_dev=0.006948575134441928
