average=0.24013815001235345
std_dev=0.015356801022923711
