average=0.20251519998419099
std_dev=0.013919928903381073
