average=0.9434910000010859
std_dev=0.07422559314971756
