average=0.05851436
std_dev=0.0012433353113299724
