average=0.2196985500107985
std_dev=0.013697015921008037
