average=1.1354074099916034
std_dev=0.02517865973496423
