average=0.06556039
std_dev=0.0017499861350593596
