average=0.14947087000473402
std_dev=0.002416653699713179
