average=0.158794409991242
std_dev=0.005786899009952104
