average=1.0395332700049038
std_dev=0.017163492813345418
