average=0.7112767799932044
std_dev=0.004452574337321893
