average=0.020332040000000003
std_dev=0.0007145235996102577
