average=0.00122625
std_dev=0.00013916780698135616
