average=0.03933835
std_dev=0.003086233790641922
