average=0.15531550999730825
std_dev=0.0020091449699223933
