average=0.20989404999418185
std_dev=0.006878727835601832
