average=0.835651020007208
std_dev=0.04417421420322892
