average=0.20341238999390043
std_dev=0.006868637468509101
