average=0.1842316300026141
std_dev=0.024261948010926137
