average=0.19366872000391594
std_dev=0.013888508077131427
