average=0.19619227001094258
std_dev=0.006327076483346291
