average=0.19307684999657795
std_dev=0.011744334060629897
