average=0.01774775
std_dev=0.00024457993069751285
