average=0.23882088999962434
std_dev=0.020915862439135086
