average=0.331401790009113
std_dev=0.020842185458908986
