average=0.5667596199957188
std_dev=0.008965031988158527
