average=0.456877610005904
std_dev=0.014582162264810175
