average=0.15475566999521106
std_dev=0.001404645178581291
