average=0.15708525001537055
std_dev=0.011460097550563026
