average=0.1501681399997324
std_dev=0.0018184717588746316
