average=0.16041703000082635
std_dev=0.02033883119566515
