average=2.11857462998596
std_dev=0.04829699218451149
