average=0.22305979999364353
std_dev=0.008740613833018947
