average=0.15353184001287445
std_dev=0.0033769091411185305
