average=0.00441702
std_dev=0.00023157957941062073
