average=0.23989590999553911
std_dev=0.014378615943264998
