average=0.11283656
std_dev=0.0017136860098629504
