average=0.00238864
std_dev=3.4904618605565654e-05
