average=0.67105128
std_dev=0.040375861337507084
