average=0.6754566700081341
std_dev=0.030358266915898085
