average=0.20615833000047132
std_dev=0.006999294448770302
