average=0.14990080000134184
std_dev=0.003557200125646792
