average=0.27629546998650767
std_dev=0.013251817735671873
