average=0.47484356998465954
std_dev=0.014094165466112665
