average=0.005212929999999999
std_dev=0.0003198348262775647
