average=0.17365383998840117
std_dev=0.019906576921213615
