average=0.27449166000005787
std_dev=0.004602598641243769
