average=0.23521862001507543
std_dev=0.013621396070649959
