average=0.00064881
std_dev=5.9457404080568475e-05
