average=0.21754068000009283
std_dev=0.018297147799052817
