average=0.00011601000000000001
std_dev=5.140321001649608e-06
