average=0.19856024999171495
std_dev=0.007319777629131211
