average=0.22388029999565334
std_dev=0.009814326734320894
