average=0.21923746998654678
std_dev=0.009897630796463424
