average=0.18564149001031183
std_dev=0.023230338177289877
