average=1.5080000000000001e-05
std_dev=2.368881592650844e-06
