average=0.22901445000316017
std_dev=0.014085571261217972
