average=0.171528339991346
std_dev=0.02735403487518593
