average=0.2545729599951301
std_dev=0.0287453979623872
