average=0.22272741000633686
std_dev=0.008682242975439737
