average=0.00178843
std_dev=2.0849606710919067e-05
