average=0.1592769999988377
std_dev=0.011527329112107867
