average=0.1610152599925641
std_dev=0.010613499608698493
