average=0.22641063999035396
std_dev=0.007462193877160153
