average=0.22305044001550414
std_dev=0.012815635934028678
