average=0.1698961100075394
std_dev=0.015595804904788943
