average=0.15324530000798403
std_dev=0.0033247316088056145
