average=0.2501391400001012
std_dev=0.02696271824077479
