average=0.00020402
std_dev=1.5516442891333032e-06
