average=0.22964439000352285
std_dev=0.016355130812605506
