average=0.1605070399993565
std_dev=0.012174074440868564
