average=0.3826025699905585
std_dev=0.16746786206334993
