average=0.24236170001095161
std_dev=0.007710545232498874
