average=0.21743304000701755
std_dev=0.010002566311388763
