average=0.21579452998703347
std_dev=0.01777385300373354
