average=0.21392934000468813
std_dev=0.015568464717426692
