average=0.154204870009562
std_dev=0.0037868204752400988
