average=0.290553969994653
std_dev=0.04747142635102845
