average=0.20470585000584834
std_dev=0.00783065652926287
