average=0.2340133399993647
std_dev=0.020906445914961783
