average=0.16364620999083854
std_dev=0.015993456814442704
