average=0.19392682000761852
std_dev=0.01612421379906859
