average=0.00029326
std_dev=6.9355893765418365e-06
