average=0.1804814099916257
std_dev=0.015978326525288394
