average=0.00010230999999999999
std_dev=3.199232564225364e-05
