average=0.21640036999597215
std_dev=0.009856330786889002
