average=0.00019164
std_dev=3.285492961489949e-05
