average=0.17680856999359093
std_dev=0.020728983945689856
