average=0.00163909
std_dev=8.995354856813595e-05
