average=0.45778594000148587
std_dev=0.04095438472694126
