average=0.21066371001070366
std_dev=0.011018225282603482
