average=0.17573056000401266
std_dev=0.01807146446207633
