average=0.3426964200043585
std_dev=0.07639007859961058
