average=0.26705829999409614
std_dev=0.006749020920389339
