average=0.21046562998672017
std_dev=0.012453319579959975
