average=0.00039643999999999997
std_dev=0.0001401679007476391
