average=0.2530866399989463
std_dev=0.03549559231218525
