average=0.21823994999285787
std_dev=0.020807594689096487
