average=0.21471734999213368
std_dev=0.016116102257151856
