average=0.37470931001007557
std_dev=0.0509982572577271
