average=0.27353371000499466
std_dev=0.008875226997375113
