average=0.20540245000156573
std_dev=0.01053038310549798
