average=0.2549955300113652
std_dev=0.008963173953149908
