average=7.660000000000001e-06
std_dev=8.627861844049195e-07
