average=0.2562778000079561
std_dev=0.017903859060181593
