average=0.27825388000928797
std_dev=0.010925381220923734
