average=0.2946575100126211
std_dev=0.018346740088085435
