average=0.00161784
std_dev=3.924421486028229e-05
