average=0.20500150998705066
std_dev=0.012562856381160057
