average=0.1531245099962689
std_dev=0.006986218558303779
