average=0.41788984001032076
std_dev=0.025023820637344884
