average=0.17620219998643732
std_dev=0.0177096733206601
