average=0.2883345700043719
std_dev=0.01570433001761314
