average=0.16698208999005146
std_dev=0.013135573099044886
