average=0.00013792
std_dev=5.28541389107797e-06
