average=0.24636395000270567
std_dev=0.019585316117233322
