average=0.22776626999839208
std_dev=0.023345637194411364
