average=0.28622249998152255
std_dev=0.040218565707344944
