average=0.15302270000101997
std_dev=0.005383319829065869
