average=0.00030145
std_dev=3.4694588915276114e-05
