average=0.1782987900020089
std_dev=0.02170774163486019
