average=0.34029521999764256
std_dev=0.028345527832946898
