average=0.21892289998359046
std_dev=0.007463015956064978
