average=0.2719777999969665
std_dev=0.03549003486936193
