average=0.2323289700143505
std_dev=0.011285413213592938
