average=0.17894169000210242
std_dev=0.014834563211750777
