average=0.4128880099975504
std_dev=0.12075153406213733
