average=0.244111310003791
std_dev=0.01362300380040475
