average=0.00017379
std_dev=2.9934762400927776e-06
