average=2.0909999999999998e-05
std_dev=3.1797641421967134e-06
