average=8.510000000000002e-06
std_dev=8.848163651289458e-07
