average=0.2058663500007242
std_dev=0.00836791862465833
