average=0.2175107300048694
std_dev=0.02088898163976265
