average=0.2933799399936106
std_dev=0.013167867716741305
