average=0.34754639999591747
std_dev=0.0161625401891756
