average=0.19092642000177876
std_dev=0.021723503193896276
