average=0.2914195799909066
std_dev=0.02188560387085463
