average=0.16946339998976329
std_dev=0.015840479827014066
