average=0.00043396
std_dev=2.1350409832131957e-06
