average=0.22370093999779783
std_dev=0.023773917788089325
