average=0.2123371399822645
std_dev=0.018903583356038187
