average=0.4906982299871743
std_dev=0.08561599203557273
