average=0.1978577099915128
std_dev=0.011769152360802457
