average=0.2121055099996738
std_dev=0.011483537409630467
