average=0.2273584199952893
std_dev=0.008314278919250937
