average=0.23813054999918676
std_dev=0.008717414516824897
