average=0.0014008100000000002
std_dev=0.00013385770392472746
