average=0.20622155999299138
std_dev=0.00868880084208645
