average=0.20427188000758179
std_dev=0.011229687387571368
