average=0.18097478999989108
std_dev=0.021036005533287935
