average=0.23624966000788844
std_dev=0.011590996394927467
