average=0.00016344
std_dev=1.0522851324617303e-05
