average=0.16593556000152604
std_dev=0.01885894707863401
