average=0.00013172
std_dev=5.648358699657804e-05
