average=0.2958823999972083
std_dev=0.014238388673903068
