average=0.17549156000604854
std_dev=0.019158843894540787
