average=0.347514220001176
std_dev=0.013688085432931955
