average=0.23997306999517604
std_dev=0.0058030530008986265
