average=0.1647085899952799
std_dev=0.021800093298604526
