average=0.26546886000433007
std_dev=0.026345360014079836
