average=0.20693170999293214
std_dev=0.004771298030652868
