average=0.20869404000113717
std_dev=0.009530819298226623
