average=0.27167413001297974
std_dev=0.015224934254328576
