average=0.22954122000955976
std_dev=0.008705966988090666
