average=0.2306616599962581
std_dev=0.029797720666551186
