average=0.1760431900038384
std_dev=0.021453875543646136
