average=0.23056665001786314
std_dev=0.018665447594816677
