average=0.17687119001639076
std_dev=0.017998839270679422
