average=0.237413870007731
std_dev=0.013908516648929262
