average=0.30425323999952525
std_dev=0.008312090187054665
