average=0.16005838999408298
std_dev=0.015579461626255002
