average=0.00055926
std_dev=8.922802250414372e-06
