average=0.2175817099865526
std_dev=0.01672843549692816
