average=0.22464269999763928
std_dev=0.012635956697538045
