average=0.30153001000289803
std_dev=0.025244954739462765
