average=0.272258439991856
std_dev=0.04023273328528015
