average=0.16330261001130567
std_dev=0.01893727279544284
