average=0.00034681
std_dev=1.7434072960728367e-05
