average=0.1768522399943322
std_dev=0.01327933708973645
