average=0.2219825300038792
std_dev=0.02486928938508255
