average=0.48784732998465186
std_dev=0.0363934813825092
