average=0.22966955000883899
std_dev=0.010797277694104981
