average=0.3421538000111468
std_dev=0.05356505536531571
