average=0.21992660000105388
std_dev=0.009122944728314321
