average=0.00018975
std_dev=2.506883523421063e-05
