average=0.20939413000014612
std_dev=0.015097471655645393
