average=0.2804211199923884
std_dev=0.03923954741987578
