average=0.00018951
std_dev=1.633676834627951e-06
