average=0.5034120099968277
std_dev=0.08430269536431585
