average=0.1513724399905186
std_dev=0.008429832482410549
