average=0.2918319400108885
std_dev=0.037755938628869064
