average=0.21017197000910529
std_dev=0.010630242143722305
