average=0.2435899999924004
std_dev=0.016739642448194394
