average=0.17054774000425824
std_dev=0.020081367428824527
