average=0.27769449999323115
std_dev=0.012398276414029297
