average=0.23178863000357525
std_dev=0.012574551195875982
