average=0.20183572999667376
std_dev=0.008543436833921636
