average=0.00070441
std_dev=1.1127753591808166e-05
