average=0.20546737999538892
std_dev=0.006989915776826211
