average=0.00044107
std_dev=5.49345974773639e-06
