average=8.526000000000001e-05
std_dev=3.407403703701689e-06
