average=0.2419809299928602
std_dev=0.023344273499201394
