average=0.00032604
std_dev=2.0516003509455738e-05
