average=0.24262199000804685
std_dev=0.005792713167444643
