average=0.2580403799947817
std_dev=0.006691934071595231
