average=0.2163996999966912
std_dev=0.009409406258005838
