average=1.2219999999999998e-05
std_dev=1.7525980714356615e-06
