average=0.256839279999258
std_dev=0.02102982065728428
