average=0.23559569999342783
std_dev=0.019082049232300873
