average=0.17146303999470547
std_dev=0.020926811425438174
