average=0.1647097699926235
std_dev=0.014454550130178096
