average=0.1545673600048758
std_dev=0.009025107887060688
