average=0.0006691799999999999
std_dev=9.573379758476096e-06
