average=0.2677207500091754
std_dev=0.03546982107508616
