average=0.1616610999975819
std_dev=0.011866835800458863
