average=0.4093683100072667
std_dev=0.01965895790081452
