average=0.23124718999606558
std_dev=0.00526576350893241
