average=0.21216229998972266
std_dev=0.012586256691706748
