average=2.0870000000000002e-05
std_dev=4.859012245302538e-07
