average=0.21885187999578193
std_dev=0.0068741412437662835
