average=0.25381928998976944
std_dev=0.007293248646506788
