average=0.16386886999825948
std_dev=0.013649276894111821
