average=0.15400789001723753
std_dev=0.0037906366487600353
