average=0.1794821500137914
std_dev=0.02499632217741339
