average=0.00015595
std_dev=1.6516370666705197e-05
