average=0.20830181998899205
std_dev=0.011081288830645374
