average=0.17136653998168186
std_dev=0.0229289274918615
