average=0.00021135
std_dev=4.102742984882187e-06
