average=0.16333751000929625
std_dev=0.017792324307465197
