average=0.2868254299915861
std_dev=0.010340588647354161
