average=0.16201057999278418
std_dev=0.013561887568709168
