average=0.00020139
std_dev=3.837824904812617e-06
