average=0.1606449900136795
std_dev=0.014968949941798242
