average=0.2696051599981729
std_dev=0.017361400090086604
