average=0.23093287000083365
std_dev=0.020526569868205526
