average=0.15471426000003702
std_dev=0.008121753749092096
