average=0.16708255999255925
std_dev=0.012883437848644253
