average=0.00035032
std_dev=3.620112705427829e-05
