average=0.2545903400052339
std_dev=0.03193897448863697
