average=0.1838853199966252
std_dev=0.020139060805705256
