average=0.3999403499998152
std_dev=0.028382694976081792
