average=0.161251910001738
std_dev=0.0119891625337797
