average=0.00044628
std_dev=5.4773548360499694e-05
