average=0.31090839999960734
std_dev=0.02144094652969469
