average=0.16178262999746948
std_dev=0.011545793628511242
