average=0.21199640000704675
std_dev=0.010402617078300244
