average=0.17621884999098256
std_dev=0.022336219160792047
