average=0.00218467
std_dev=1.268818741980114e-05
