average=0.1665496300032828
std_dev=0.01660278030056571
