average=0.2341706199978944
std_dev=0.012249055925527188
