average=0.17059837000560946
std_dev=0.019987131328006662
