average=0.2542431999812834
std_dev=0.023797226478305258
