average=0.00037623
std_dev=1.1042649138680445e-05
