average=0.21765108000254257
std_dev=0.007746760193636461
