average=0.1641710600000806
std_dev=0.007534626888736119
