average=0.15728613000828773
std_dev=0.013679662375635036
