average=0.23771976999705657
std_dev=0.007333352399283496
