average=0.2246433599968441
std_dev=0.012560559522537611
