average=0.21524836998432875
std_dev=0.013689150112369916
