average=0.21470405000145548
std_dev=0.01752480751997442
