average=0.00147003
std_dev=2.3081293291321444e-05
