average=0.00045347
std_dev=9.28386234279677e-06
