average=0.2533403800101951
std_dev=0.018437768319008726
