average=0.32351061000372283
std_dev=0.03682444600447946
