average=0.15751153000746854
std_dev=0.013492835142351365
