average=0.23634845000924543
std_dev=0.019211910388420853
