average=0.31541379002155734
std_dev=0.008266584128124171
