average=0.00038941000000000003
std_dev=4.001605802674721e-05
