average=0.2211375900078565
std_dev=0.008620362598273685
