average=0.18817207999527455
std_dev=0.017991889643395483
