average=0.1883753599890042
std_dev=0.01592229769341905
