average=0.00074783
std_dev=6.852774693509193e-05
