average=0.325018380000256
std_dev=0.027409146126922225
