average=0.16808995997416787
std_dev=0.0198651451593657
