average=0.00013502
std_dev=3.5846338725175282e-06
