average=0.16495973001001402
std_dev=0.016748477552641167
