average=0.00749785
std_dev=0.00011200664489216702
