average=0.17379355999291873
std_dev=0.01947772064140382
