average=8.607000000000001e-05
std_dev=9.924520139533197e-06
