average=0.2025340199994389
std_dev=0.0035422694508986186
