average=0.00164762
std_dev=0.0002879230932037235
