average=0.2684790399915073
std_dev=0.022908354834263355
