average=0.00018801
std_dev=1.7523983565388317e-06
