average=0.00075697
std_dev=5.961996393826484e-05
