average=0.21257327000494114
std_dev=0.01391680514384312
