average=0.22114673999603837
std_dev=0.01441927288064356
