average=0.21329256999888457
std_dev=0.00986416047180771
