average=0.16888558998471126
std_dev=0.013203594838760558
