average=0.17722535001230427
std_dev=0.021194919461457223
