average=0.31394645999534987
std_dev=0.015916117931857675
