average=0.15895095000159926
std_dev=0.012482485627758192
