average=0.15396550999139436
std_dev=0.005713690653321789
