average=5.7910000000000006e-05
std_dev=9.83528850619035e-06
