average=0.21745928000309506
std_dev=0.013995038944751204
