average=0.20836316999630072
std_dev=0.012159456478324329
