average=0.290891870012274
std_dev=0.028189011295624296
