average=0.00027984
std_dev=9.428488744226197e-06
