average=0.18085541999316773
std_dev=0.023691193005958684
