average=0.22578105999855325
std_dev=0.01248141188329437
