average=0.2021845400100574
std_dev=0.017448073357329088
