average=0.298983869998483
std_dev=0.03988090483563295
