average=0.21319825999089517
std_dev=0.011198271339374065
