average=0.0034862200000000004
std_dev=0.00011371679559326315
