average=0.16186866000061856
std_dev=0.012750430376234462
