average=0.15212526000104845
std_dev=0.012849856873920838
