average=0.379242820001673
std_dev=0.03592320145505789
