average=0.17271770000224934
std_dev=0.018156743069073708
