average=0.2271450000058394
std_dev=0.01817969986403797
