average=0.14985069000395015
std_dev=0.004544844435344052
