average=0.2503550899913535
std_dev=0.019996728387270717
