average=0.22233695001341403
std_dev=0.012555739976465488
