average=0.18543515001074412
std_dev=0.015151314984814616
