average=0.18553566999617033
std_dev=0.012538651889134925
