average=0.21869484999333508
std_dev=0.015204304965166306
