average=0.5632719699933659
std_dev=0.1352849971768206
