average=0.2566940299991984
std_dev=0.00954498701850583
