average=0.24496465000556783
std_dev=0.030160354076119306
