average=0.17042390998685733
std_dev=0.0166558806159485
