average=0.29121479999739674
std_dev=0.007010973642238774
