average=0.255286520003574
std_dev=0.03383094480051102
