average=0.17315574000240302
std_dev=0.015179497399618361
