average=0.16193999000242912
std_dev=0.009471871430179349
