average=0.26276907000574284
std_dev=0.018216574480340954
