average=0.17053013999247923
std_dev=0.011527536411633165
