average=0.16968546999851242
std_dev=0.009761917860917424
