average=0.1650181300006807
std_dev=0.014766554906536633
