average=0.22333545999135823
std_dev=0.00891210611742558
