average=0.28145333999418654
std_dev=0.01496793019931442
