average=0.00033363
std_dev=3.986133590335377e-05
