average=0.000335
std_dev=1.5514058140924954e-05
