average=0.17023748000501654
std_dev=0.01946997200261262
