average=0.22696004000026732
std_dev=0.015651824885208377
