average=0.15525088999420406
std_dev=0.006320280434188954
