average=0.00018543000000000002
std_dev=2.7517449009673867e-06
