average=0.2986653900006786
std_dev=0.04360812584917113
