average=0.3269220999907702
std_dev=0.023294924386581563
