average=0.22841268999618478
std_dev=0.018628516671864576
