average=0.16684835001360626
std_dev=0.014795872999288934
