average=0.00023853999999999998
std_dev=1.2670848432524158e-05
