average=0.1614656199933961
std_dev=0.01686358957346751
