average=0.3765209700039122
std_dev=0.01602853238194584
