average=0.28762989000533706
std_dev=0.06356277870214941
