average=0.00013569
std_dev=3.111093055503164e-06
