average=0.17765522999688982
std_dev=0.02024308584037385
