average=0.15793652000138536
std_dev=0.008605018802465567
