average=0.20957518000504932
std_dev=0.010427762988219475
