average=0.2442819499934558
std_dev=0.016422741964297192
