average=0.1612207799917087
std_dev=0.015992233656209498
