average=0.2092607400030829
std_dev=0.009438565547957831
