average=0.26869952999404634
std_dev=0.0034128182129165934
