average=0.17103589000180364
std_dev=0.02211098887790245
