average=0.15998172999825327
std_dev=0.016300009290847125
