average=0.2514148099930026
std_dev=0.015987310013719707
