average=0.1702254499949049
std_dev=0.02147569441453042
