average=0.16856096998672002
std_dev=0.01479982945487822
