average=0.1645497099903878
std_dev=0.017816575742772463
