average=0.00025419
std_dev=3.439097119884811e-05
