average=0.00203744
std_dev=8.86189844220751e-05
