average=0.31330410999362357
std_dev=0.029172960711136637
