average=0.00021222
std_dev=3.086033052318142e-06
