average=1.4770000000000001e-05
std_dev=2.113314931570777e-06
