average=0.17243532000575215
std_dev=0.018955576674016966
