average=0.37655161999282427
std_dev=0.04539314119560389
