average=0.26424399999668824
std_dev=0.013943238025919921
