average=0.2058060899958946
std_dev=0.013688214198842618
