average=0.21236944999545812
std_dev=0.010804474996218593
