average=0.2285144300025422
std_dev=0.009555375813630125
