average=0.24076965998974628
std_dev=0.0176152681772925
