average=0.2411234200000763
std_dev=0.009501264610813347
