average=0.1582937800034415
std_dev=0.008833033675709402
