average=0.2567878100089729
std_dev=0.01717202330831769
