average=0.21162452999851666
std_dev=0.011956947999307405
