average=4.8859999999999996e-05
std_dev=6.594421885199643e-06
