average=0.00015178
std_dev=2.7852468472291633e-06
