average=0.25490720000234435
std_dev=0.025235454570587717
