average=0.1673157299985178
std_dev=0.012478543884285523
