average=0.00021305
std_dev=2.0652566426475915e-05
