average=0.21565586999058722
std_dev=0.012945010942497694
