average=0.21461441999999806
std_dev=0.009048383524346828
