average=0.3099050199962221
std_dev=0.021797467565012486
