average=0.00039011
std_dev=8.788566436000817e-06
