average=0.0016246
std_dev=0.000186618284206023
