average=0.16565044001326895
std_dev=0.014531931429282996
