average=0.19788708999403753
std_dev=0.008666100551412807
