average=0.00024501000000000004
std_dev=1.1467035362289591e-05
