average=0.2110757799935527
std_dev=0.0072914536567904534
