average=0.3327902199933305
std_dev=0.00957139210608553
