average=0.21426603000145406
std_dev=0.010595143293386745
