average=0.36805809999932537
std_dev=0.028807173192925833
