average=0.19107757000019773
std_dev=0.018570089179440336
