average=0.24444280000170693
std_dev=0.0140350661959431
