average=0.15788612999604085
std_dev=0.004338921810760279
