average=0.00019168
std_dev=2.836475982623509e-05
