average=0.219727140001487
std_dev=0.019627395883290877
