average=0.00034683
std_dev=6.0106655205559325e-06
