average=0.1969111000013072
std_dev=0.009182899694291516
