average=0.29118937999010086
std_dev=0.020064630173751496
