average=0.23956906999810598
std_dev=0.02630436154790483
