average=0.17854408000712282
std_dev=0.018040996611597426
