average=0.2765727800084278
std_dev=0.017499427266056758
