average=0.23109648000681773
std_dev=0.008208672637607889
