average=0.1620315999898594
std_dev=0.019261097866537673
