average=0.1758496200083755
std_dev=0.015230656014751714
