average=4.2890000000000004e-05
std_dev=7.744991930273396e-06
