average=0.2568681800039485
std_dev=0.018084350959702795
