average=0.22142023998312652
std_dev=0.01907963360138198
