average=0.2009649399900809
std_dev=0.010389490952677844
