average=0.00031479
std_dev=4.1035228767487e-06
