average=0.24787885999539866
std_dev=0.050841253129555675
