average=0.21086347999516875
std_dev=0.010312998487438907
