average=0.30249320000293667
std_dev=0.06763269246702301
