average=5.5159999999999994e-05
std_dev=8.444548537370131e-06
