average=0.16900123999803326
std_dev=0.016344599202075278
