average=0.16438094000914133
std_dev=0.011555616686928153
