average=0.17388208999764174
std_dev=0.01765534430750552
