average=0.27283629000303333
std_dev=0.017063980270799223
