average=0.21892616999102757
std_dev=0.013713028755800967
