average=0.16783333999919706
std_dev=0.01557799788668239
