average=0.21219693998573347
std_dev=0.009196007218732406
