average=0.25052938000299035
std_dev=0.023246839951922033
