average=0.15446137998951598
std_dev=0.006889385276944927
