average=0.00013094999999999998
std_dev=3.342229794613174e-06
