average=0.22329820999293587
std_dev=0.013074996339320834
