average=0.00044134999999999997
std_dev=6.603218912015559e-06
