average=0.2187873299990315
std_dev=0.009648888509756592
