average=0.24374813998583705
std_dev=0.01084809104216567
