average=8.266999999999999e-05
std_dev=1.4370459282848269e-05
