average=0.16086358999018557
std_dev=0.011894043188851056
