average=0.20088733999873512
std_dev=0.011081766136269976
