average=0.16205148000153713
std_dev=0.01625513738049351
