average=0.16788130999775602
std_dev=0.01419326064122986
