average=0.45138312001363373
std_dev=0.022996627612568474
