average=0.00068987
std_dev=4.9908477235836404e-05
