average=0.21855299999588168
std_dev=0.0071164613363112516
