average=0.1621180700021796
std_dev=0.013855086710162244
