average=1.6669999999999998e-05
std_dev=2.1931940178652685e-06
