average=0.2498526400013361
std_dev=0.029059173387729134
