average=0.21978809000574984
std_dev=0.0081206112119134
