average=0.22988283999729903
std_dev=0.01830445022097639
