average=0.22282034000381828
std_dev=0.015911870335779604
