average=0.22560669000376948
std_dev=0.020063943841124476
