average=0.21663535999832675
std_dev=0.005647292167174776
