average=0.17527165000210515
std_dev=0.02220869345821469
