average=0.307474579999689
std_dev=0.05579209989300548
