average=0.21393937000539154
std_dev=0.02070696633009713
