average=0.3991779300093185
std_dev=0.04341485586978575
