average=0.4301206899923272
std_dev=0.026959390598059813
