average=0.276199530006852
std_dev=0.010640133324106512
