average=0.00017633
std_dev=3.0004468000616172e-05
