average=0.2541802800085861
std_dev=0.030037996316534015
