average=0.17206214000470937
std_dev=0.012566220375901787
