average=0.3006221500050742
std_dev=0.01289483665254451
