average=0.00097114
std_dev=4.1937982784106315e-05
