average=0.00033156
std_dev=5.023982484045897e-06
