average=0.16354501000023447
std_dev=0.009781489760088186
