average=0.173722250002902
std_dev=0.017496297534736586
