average=0.32405943000339904
std_dev=0.011375688119664815
