average=0.20590164000168443
std_dev=0.013661925906806233
