average=0.308979819988599
std_dev=0.01248510342468513
