average=0.20691609999048524
std_dev=0.01477345675885727
