average=1.6879999999999998e-05
std_dev=1.781460075331468e-06
