average=0.22038282999419606
std_dev=0.012221755909822008
