average=0.2519037099904381
std_dev=0.01810334551145585
