average=0.25278787999995983
std_dev=0.023445659927571846
