average=0.16520426999195478
std_dev=0.020345426860357726
