average=0.266726379992906
std_dev=0.01084348476522576
