average=0.17359933998668567
std_dev=0.02040965906612173
