average=0.18657493000500835
std_dev=0.01779194730579603
