average=0.25541515999357217
std_dev=0.034440937328098505
