average=0.1613627000071574
std_dev=0.015589104994149058
