average=0.23065688999486156
std_dev=0.00451205485979408
