average=0.23519226999487727
std_dev=0.010818616223225485
