average=0.16302000000141562
std_dev=0.007440248162971635
