average=0.28307919999351727
std_dev=0.01786145913737945
