average=0.00075654
std_dev=1.792926099982931e-05
