average=0.00044877
std_dev=7.071216302730381e-06
