average=0.00116775
std_dev=2.8267233681419923e-05
